

METRICS REPORT

correlation_distorted_mean: [0.7016233155669193, 0.7824930492859662, 0.6987051144498873, 0.7765324832242699, 0.7720934281934332, 0.7253040472764428, 0.7816636529430151, 0.5896946655042417, 0.6850737291280937, 0.6659978415162977, 0.7140728136115941, 0.7503765565488097, 0.666728485338927, 0.7126316513956055, 0.7150633551528627, 0.7029926647957134, 0.8516443189138061, 0.7023642625968364, 0.7686836133713622, 0.44101943166882024]
Mean correlation_distorted_mean: 0.7102379240241452
Median: correlation_distorted_mean: 0.7133522325035998
correlation_out_mean: [0.7508032546162616, 0.811181550256423, 0.7347233887111193, 0.7751315111924186, 0.7965866684989769, 0.7704178382889356, 0.7995300803099725, 0.6487914640221784, 0.7115999228041409, 0.6861875844216869, 0.767528267950385, 0.7811068244447482, 0.7103083951890834, 0.7536184427610281, 0.7501357339842356, 0.7534373289125639, 0.8562609080836229, 0.7554230579804505, 0.7923766249672692, 0.46587214936469534]
Mean correlation_out_mean: 0.74355104983801
Median: correlation_out_mean: 0.7545207503707393
correlation_distorted_median: [0.8475702463027841, 0.9211638291696678, 0.8692539069960008, 0.9338704183362666, 0.9205764726162489, 0.8944467547922061, 0.9316087894148404, 0.6850638394558279, 0.8430003329936356, 0.8259274959486791, 0.8936358906790525, 0.9006459208045717, 0.8256132100971768, 0.8572535068632837, 0.864148955432348, 0.8489631968197715, 0.9768219311772004, 0.8450483220118079, 0.894444753114832, 0.39044989876851255]
Mean correlation_distorted_median: 0.8484753835897356
Median: correlation_distorted_median: 0.8667014312141744
correlation_out_median: [0.8815139041079596, 0.9229230954578789, 0.874250580874963, 0.9205548625706289, 0.9138801975008427, 0.8973255622838177, 0.9246830144773469, 0.7721069951792999, 0.8607381301313268, 0.8267098893992448, 0.9034946287133128, 0.8989669237829985, 0.8597768101673462, 0.881958142090312, 0.889034137810987, 0.8833732102351801, 0.9634925787068569, 0.8778018567656495, 0.8971490133197129, 0.45124794369932414]
Mean correlation_out_median: 0.8650490738637495
Median: correlation_out_median: 0.8862036740230835
mse_distorted_mean: [0.00853762197482675, 0.006278405346889466, 0.009111527238780158, 0.006131206057034263, 0.0078578169735478, 0.009235996372107848, 0.006821005035117498, 0.014573566955723795, 0.011679722675266145, 0.011445419470273678, 0.010367173891688543, 0.0072087542207268955, 0.013333811169697687, 0.011217015468891789, 0.009636831150577603, 0.009618131680970119, 0.004984597279579808, 0.012676829533557121, 0.00864770129732079, 0.02448049812583935]
Mean mse_distorted_mean: 0.010192181595920856
Median: mse_distorted_mean: 0.009427064026538983
mse_out_mean: [0.008061451362886001, 0.0057059718641608095, 0.008022678019224943, 0.007127112649281153, 0.007481467222363207, 0.007927015009533536, 0.007054222118269902, 0.014691914090770466, 0.01094929265201096, 0.011516117956235626, 0.008933714497423148, 0.006873963372993908, 0.011778246736527019, 0.00982816225628841, 0.008849856534091965, 0.008595431612924295, 0.005085247793518721, 0.01176561415082085, 0.007932902589326695, 0.023296550205170657]
Mean mse_out_mean: 0.009573846634691113
Median: mse_out_mean: 0.00832844148790515
mse_distorted_median: [0.008557192890176864, 0.0063644740084292245, 0.009139510228063615, 0.006189674248501755, 0.007895969412587056, 0.009348593181087836, 0.006846432434105906, 0.014605453832336721, 0.011852362028843922, 0.011541570856355179, 0.010374745896785035, 0.007303491863626413, 0.013343027676133361, 0.011373939604389536, 0.00985323508232111, 0.009651362465038633, 0.0050178528312298815, 0.012731535657404187, 0.008781780604329716, 0.024894910201549793]
Mean mse_distorted_median: 0.010283355750164787
Median: mse_distorted_median: 0.009499977823063235
mse_out_median: [0.008068522307628782, 0.005793812332037126, 0.008050910020260624, 0.007187039184208033, 0.0075044458682799655, 0.008016209196522054, 0.007075747173668941, 0.014715813672362679, 0.011068416390126713, 0.011605841494058385, 0.008937769136659158, 0.006930991888205311, 0.011786230834518633, 0.009928213913258061, 0.00900451311755326, 0.00861057126716555, 0.005114007623289231, 0.011809623390872985, 0.008042634560650446, 0.023631917601322407]
Mean mse_out_median: 0.009644161548632417
Median: mse_out_median: 0.008339546787397165
ssim_distorted_mean: [0.9480391884856019, 0.9585176342447196, 0.9480630334634498, 0.9623511679815453, 0.9491891761411633, 0.9460102868948856, 0.9577181058816804, 0.9193369300582842, 0.9344700410788201, 0.9359692890307361, 0.9377309261086505, 0.9558097913460041, 0.9247544322952577, 0.9329692674183766, 0.9423369698773123, 0.9417445639132146, 0.9663405104088533, 0.9338552812331168, 0.9500798193605561, 0.8979589214704451]
Mean ssim_distorted_mean: 0.9421622668346336
Median: ssim_distorted_mean: 0.944173628386099
ssim_out_mean: [0.9511531133606733, 0.9611997164858618, 0.9524320269096002, 0.9593535178231575, 0.9499536429772084, 0.9505945396669323, 0.9547154615353123, 0.9251959598539333, 0.9363988005337777, 0.9371797933025162, 0.9455198987846029, 0.9569769031340128, 0.9301953511047656, 0.938509403262548, 0.945831191135997, 0.9467122563993075, 0.9636450741845581, 0.9394613645537941, 0.9527970676127592, 0.9008086423364515]
Mean ssim_out_mean: 0.9449316862478885
Median: ssim_out_mean: 0.948332949688258
ssim_distorted_median: [0.9474322078425552, 0.9582186505443796, 0.9478885151517671, 0.9623125095215633, 0.9486386467779802, 0.9458494933970671, 0.9577772720861146, 0.9190698829882804, 0.9333305607300763, 0.9359059626047906, 0.9374525554623361, 0.9555046815849356, 0.9257659769239748, 0.9326447788732929, 0.9424632030051183, 0.9411902329721813, 0.9660261246445975, 0.9333676383837614, 0.9495408042022565, 0.89777794879028]
Mean ssim_distorted_median: 0.9419078823243655
Median: ssim_distorted_median: 0.9441563482010927
ssim_out_median: [0.9505562892397139, 0.9609175744075509, 0.9523239766801601, 0.9593247482062393, 0.9494085050836458, 0.9503936938990951, 0.9547245482765584, 0.9249240440173417, 0.9350741952876033, 0.9372360208936484, 0.9452884183564414, 0.9566947007633684, 0.9311431209271347, 0.9382768018599119, 0.9461162193470973, 0.9461497099495698, 0.9633287861739318, 0.9387652007230862, 0.9522552863790201, 0.9006886765527672]
Mean ssim_out_median: 0.9446795258511944
Median: ssim_out_median: 0.9477791075166078
Mean compute time per sample in seconds: 1.1335289996603261e-05
