

METRICS REPORT

correlation_distorted_mean: [0.7023524385944472, 0.7836245153787449, 0.7007340354527165, 0.7834202021809155, 0.7759158820502609, 0.7269448821943962, 0.7811251538942781, 0.5897248807708175, 0.68125740085063, 0.6689307760231191, 0.7181060814711023, 0.7512179450497032, 0.6690223208115571, 0.7168556865312545, 0.7154412995982404, 0.7047331702487368, 0.8497742923760737, 0.704168166254306, 0.7714473724415136, 0.44351733299886154]
Mean correlation_distorted_mean: 0.7119156917585838
Median: correlation_distorted_mean: 0.7161484930647475
correlation_out_mean: [0.7535247729304829, 0.8162206406214103, 0.7377134014361393, 0.7811288574487214, 0.8009144928262736, 0.7723401947202868, 0.8010031202086281, 0.6497990346737492, 0.7094083934852461, 0.6905106947778672, 0.771741204640601, 0.7860711814572324, 0.7123510125919948, 0.7576477979247146, 0.7510440053657699, 0.7553650028092043, 0.8544768438259978, 0.7596767665054773, 0.7951185036974832, 0.4654088851485896]
Mean correlation_out_mean: 0.7460732403547933
Median: correlation_out_mean: 0.7586622822150959
correlation_distorted_median: [0.8490289609920938, 0.9226013823350806, 0.87075991356596, 0.939357206108824, 0.9241384483277149, 0.8945180245955779, 0.931977931789991, 0.68625156296119, 0.8392742382255332, 0.8267348376806241, 0.8962212656152235, 0.9031103122427355, 0.8270498229752653, 0.8615693814415537, 0.8664069639099405, 0.8505808464041262, 0.9766903191286411, 0.8463863234699569, 0.8971405653694459, 0.3956638089179244]
Mean correlation_distorted_median: 0.8502731058028701
Median: correlation_distorted_median: 0.8685834387379503
correlation_out_median: [0.8819155323198746, 0.9269150140573975, 0.8772910669928683, 0.9250835069542453, 0.9180095249169348, 0.8980181514163152, 0.9261261706289696, 0.7747828529232929, 0.8583837883371338, 0.8301991525795844, 0.9055113151262668, 0.903175416881915, 0.8605257510519031, 0.8842328028712315, 0.8905365528177248, 0.8841624090673721, 0.9620790300189963, 0.8818030131421093, 0.8989138824216951, 0.4502006309435139]
Mean correlation_out_median: 0.8668932782734672
Median: correlation_out_median: 0.8873846778444782
mse_distorted_mean: [0.008322501432215967, 0.006163976477325906, 0.009280486309906534, 0.005870048074029273, 0.007784039575919788, 0.009257463368018713, 0.007039780782490521, 0.014457429050445374, 0.012182989737332006, 0.011207727187923766, 0.010271445758368062, 0.00709506782993076, 0.01342442786432336, 0.011271622766803779, 0.009732801366280753, 0.009584217713529365, 0.005220295132485279, 0.012741623040043552, 0.008401895364801196, 0.024567816925652214]
Mean mse_distorted_mean: 0.010193882787891307
Median: mse_distorted_mean: 0.00943235201171795
mse_out_mean: [0.007799169434160584, 0.0055082404628994065, 0.00809646761939491, 0.00686254069697862, 0.007391982968752344, 0.00791036654551038, 0.0071748347774657955, 0.014545281653191355, 0.01133531021701709, 0.011182848779822636, 0.00885433244009577, 0.006651609443371485, 0.011901123208525365, 0.00983023358818057, 0.008928050715321283, 0.008513865454799794, 0.005296925147771629, 0.011725609978998224, 0.007763159316949277, 0.02343911460806049]
Mean mse_out_mean: 0.00953555335286335
Median: mse_out_mean: 0.008305166537097352
mse_distorted_median: [0.008341300740417392, 0.006251192378388208, 0.009309606807060817, 0.005925613320159233, 0.007823217744171853, 0.009373125353992897, 0.007065263764518381, 0.01448638639373173, 0.012357641347559884, 0.011307572011670996, 0.01027799292674065, 0.007189393649509318, 0.013433515991306889, 0.01142960471942008, 0.00994549838529785, 0.009613688014477179, 0.005252887053231212, 0.012794885472922108, 0.008536067164412312, 0.024985046258046525]
Mean mse_distorted_median: 0.010284974974851776
Median: mse_distorted_median: 0.009493406684235038
mse_out_median: [0.007805288132366625, 0.0055915937877110055, 0.008123527306657666, 0.006922573280693706, 0.007413401561560853, 0.00800122270608817, 0.007200922109028559, 0.014566824205763962, 0.011453070556914337, 0.01126227431275829, 0.00886092825003753, 0.006709366668821353, 0.011909151017273578, 0.00992709018365791, 0.009084634527366768, 0.008530550778782935, 0.005323266829855112, 0.011763706662724152, 0.007868290259017644, 0.023777889060877116]
Mean mse_out_median: 0.009604778609897864
Median: mse_out_median: 0.008327039042720301
ssim_distorted_mean: [0.9493725368106825, 0.9593096000250938, 0.9482960163077553, 0.9638875175890614, 0.950711460443706, 0.946744804766545, 0.9571198486930975, 0.920354661463034, 0.9330399132325339, 0.9370686983458075, 0.9387883451867781, 0.9562878475780064, 0.9255283679814851, 0.9334274729747247, 0.9434632230596931, 0.942161430365987, 0.965704488853996, 0.9341988056446201, 0.9519390995182422, 0.8974628342121771]
Mean ssim_distorted_mean: 0.9427433486526512
Median: ssim_distorted_mean: 0.945104013913119
ssim_out_mean: [0.9525663737675183, 0.9625606435139419, 0.952576004727391, 0.9607585019683167, 0.9509467262037402, 0.9512887035182528, 0.9542145625100072, 0.9261950990947575, 0.9352262997678366, 0.9384838318232185, 0.9465942124785927, 0.957764427285743, 0.9305358350480805, 0.9387495405486421, 0.9465562048240416, 0.9470632876196574, 0.962732178635436, 0.9399237193483599, 0.9542700926747096, 0.8998530067721092]
Mean ssim_out_mean: 0.9454429626065174
Median: ssim_out_mean: 0.9490050069116989
ssim_distorted_median: [0.9487885675953204, 0.9590377833969265, 0.9481296534902213, 0.9638273685309671, 0.9501767370503047, 0.9465802262947701, 0.9571270922087138, 0.9200719887053221, 0.9318705011336621, 0.9370041673852249, 0.9384797591087847, 0.9559945924372723, 0.9264447806326132, 0.9331203051018261, 0.9436118590702429, 0.9416351736739532, 0.9654160438853986, 0.9337402299203125, 0.9514117926624186, 0.8972770667731811]
Mean ssim_distorted_median: 0.942487284452872
Median: ssim_distorted_median: 0.9450960426825066
ssim_out_median: [0.9519823287947201, 0.9623053055069493, 0.9524760451547803, 0.9607214101541353, 0.950436238564872, 0.9510949645988168, 0.9542351144436997, 0.9259318075480484, 0.9339010884600002, 0.9385219795092254, 0.9463367584584016, 0.9574808068216469, 0.9314983183578602, 0.9385243594833734, 0.9467354989605098, 0.9465152005185687, 0.9624183905001182, 0.9392515309872695, 0.9537503310274406, 0.8997308190962127]
Mean ssim_out_median: 0.9451924148473324
Median: ssim_out_median: 0.9485858687626909
Mean compute time per sample in seconds: 1.0278142016866932e-05
