

METRICS REPORT

correlation_distorted_mean: [0.7019009973460809, 0.7830460229823337, 0.6985136683939162, 0.7781942121739134, 0.7728250180292844, 0.7252956206699224, 0.7821330309833301, 0.5897920262993904, 0.6843340194800135, 0.6665077984791212, 0.7149458821232373, 0.7501848491548254, 0.6672812871684467, 0.7138840836373204, 0.7161699402704642, 0.7031558500077553, 0.8516103592797898, 0.7026356170545349, 0.7688999971511112, 0.442232570626863]
Mean correlation_distorted_mean: 0.7106771425655827
Median: correlation_distorted_mean: 0.7144149828802788
correlation_out_mean: [0.7511730985231142, 0.8118256991324156, 0.7344397314816484, 0.7762752222239079, 0.7972440408134231, 0.7701976353005919, 0.7998869776160287, 0.648909860568937, 0.7108836058134275, 0.6865919929750335, 0.768440829984267, 0.7811311227097377, 0.7107524415929877, 0.7546941237484722, 0.7512593827763617, 0.7535753433500079, 0.856392007242045, 0.7558515462440026, 0.7925899188847362, 0.4670663993524434]
Mean correlation_out_mean: 0.7439590490166794
Median: correlation_out_mean: 0.7552728349962374
correlation_distorted_median: [0.848271208614328, 0.9217122309269715, 0.8692507210810679, 0.9351502659115151, 0.9213478860840009, 0.8950339739808194, 0.9320284552770867, 0.6862935970877231, 0.8416018645873999, 0.8267032306689543, 0.8951410124810735, 0.9010733450581268, 0.8260253211486994, 0.8591146711724278, 0.8654850167712898, 0.8491657939029393, 0.976975287572901, 0.8458272904126849, 0.8950471335692609, 0.3922197124879641]
Mean correlation_distorted_median: 0.8491734009398618
Median: correlation_distorted_median: 0.8673678689261788
correlation_out_median: [0.8819107778491503, 0.9235708705859681, 0.8741213890822228, 0.9216643681538164, 0.9143353526781376, 0.8974578066505493, 0.924599930998025, 0.7735078405567104, 0.8601328957563046, 0.8271087732669073, 0.9043948149643743, 0.8994688358945462, 0.8599857828673254, 0.8834681121472299, 0.8900791820478992, 0.8834105199942665, 0.9635556206999832, 0.878426588627671, 0.8975586156091029, 0.4529838800003644]
Mean correlation_out_median: 0.8655870979215277
Median: correlation_out_median: 0.8867736470975645
mse_distorted_mean: [0.008443296318798733, 0.006215823551848815, 0.009127257482483475, 0.006073730643486955, 0.007771104754912931, 0.009264687762767518, 0.006840570554132205, 0.014549481697994244, 0.01163768147578999, 0.011471122653794059, 0.010351848508682282, 0.007165246816271272, 0.013311991222693116, 0.011233359444299654, 0.009561452391396273, 0.009641345793330109, 0.004924482107733775, 0.012648274904406412, 0.008577557347236125, 0.024487774995470658]
Mean mse_distorted_mean: 0.010164904521376429
Median: mse_distorted_mean: 0.009413070077081895
mse_out_mean: [0.007988322349416158, 0.005640557674995999, 0.008031602857382683, 0.007079487095146537, 0.007393969582578056, 0.007955774499854703, 0.007066549156768616, 0.014663897120753298, 0.010908914094087403, 0.011544030618589768, 0.008923466939473431, 0.006835089329251914, 0.011764772163182157, 0.009845579072611627, 0.008767802024584615, 0.008615687085326253, 0.005033621415912085, 0.011748657040358641, 0.007894436390085502, 0.023306702893071348]
Mean mse_out_mean: 0.00955044597017154
Median: mse_out_mean: 0.008323644971354467
mse_distorted_median: [0.008462954422187445, 0.006300981810439493, 0.00915683748974144, 0.006132966973728884, 0.0078078328068260355, 0.00938143273578003, 0.006866721067755441, 0.0145815200654095, 0.011808618921592027, 0.011569235989826041, 0.010359607427351541, 0.007261819865514732, 0.01331948876671346, 0.011395182680930725, 0.009776596971282317, 0.009672653299396108, 0.004954532081174753, 0.012708395755865477, 0.008710446567997854, 0.02489592218364894]
Mean mse_distorted_median: 0.01025618739415811
Median: mse_distorted_median: 0.009527043017588069
mse_out_median: [0.00799385901901326, 0.00572843211117336, 0.008061216792975693, 0.007138581268613783, 0.007414970982630035, 0.008045266956441872, 0.007090976797220112, 0.014686529338314097, 0.011028472545786427, 0.011633301877536254, 0.008932057479412836, 0.006888498311175571, 0.011774404026101295, 0.009949580686724779, 0.00892052866185075, 0.008632677685491629, 0.005061069442961848, 0.011794089531459613, 0.008004608996186316, 0.023646899871419196]
Mean mse_out_median: 0.009621301119124435
Median: mse_out_median: 0.008346947239233661
ssim_distorted_mean: [0.9486791585242094, 0.9592718339958324, 0.9481348270776736, 0.962746910036907, 0.9499163596379604, 0.9458747951265329, 0.957593531557982, 0.9194944807781081, 0.9349580703344956, 0.9359303374509667, 0.9381093766542979, 0.9560435199546148, 0.9253185504161411, 0.932873641961801, 0.942856509287041, 0.9414134168148128, 0.9667874439741208, 0.9338439381725797, 0.9506329056143952, 0.8978405431246056]
Mean ssim_distorted_mean: 0.9424160075247539
Median: ssim_distorted_mean: 0.9443656522067869
ssim_out_mean: [0.9516982502463661, 0.961993069067116, 0.9525081342585485, 0.9596650946200936, 0.9506157665254625, 0.9504286953770554, 0.9545846498422861, 0.9253461303974481, 0.9368535287784914, 0.9371015775228159, 0.9458594666816992, 0.9571857913203459, 0.9307115928783396, 0.9383950700396069, 0.9463861800227058, 0.9463706535590245, 0.9639609236576883, 0.9393903327307955, 0.9531954616576956, 0.9006977727062531]
Mean ssim_out_mean: 0.9451474070944919
Median: ssim_out_mean: 0.9484074376998806
ssim_distorted_median: [0.9480807901772518, 0.9589809526986043, 0.9479775510014338, 0.9627095010655828, 0.949389642798815, 0.9457124931947698, 0.9576426525233487, 0.9192360957964062, 0.9338139985287758, 0.9358658763611996, 0.9378104930099544, 0.9557116180676434, 0.9262707543014866, 0.9325475574528289, 0.9430465782746255, 0.9408278661413755, 0.966476785966275, 0.9333752579911725, 0.9500992545945504, 0.8976645789881126]
Mean ssim_distorted_median: 0.9421620149467106
Median: ssim_distorted_median: 0.9443795357346976
ssim_out_median: [0.9511236607775828, 0.9617313753860567, 0.9524199972018874, 0.9596423271851205, 0.9500871669265027, 0.9502541529950826, 0.9546186670869875, 0.925078752041084, 0.9355650221709354, 0.9371634038838902, 0.9456357001258648, 0.9568967929822866, 0.9316039499409786, 0.9381506098347743, 0.9466978967994392, 0.9457828118921271, 0.9636505621358049, 0.9386899459682675, 0.9526544911423992, 0.9005827599243367]
Mean ssim_out_median: 0.9449015023200704
Median: ssim_out_median: 0.9483925318629709
Mean compute time per sample in seconds: 1.0965098505434782e-05
