

METRICS REPORT

correlation_distorted_mean: [0.7972887892187266, 0.7711733480022133, 0.7838008890696745, 0.7514580388730141, 0.8436644369347768, 0.7558907790936973, 0.8279867400484606, 0.8552065668044202, 0.7707694424569176, 0.8016479795934689, 0.7414702923850368, 0.8268358075300629, 0.8269883380389541, 0.8424162462235271, 0.8324543764861219, 0.8264580305004324, 0.8159535939126963, 0.8658631464129581, 0.829957829552272, 0.8350715575412663, 0.8102110270794741, 0.8387979358941723, 0.8114422047537547, 0.7930222304702177, 0.7997262324342421, 0.7874972698959561, 0.8136567275568011, 0.8327279382617732, 0.8240206194410532, 0.8019993206299522, 0.8906891297861489, 0.8949764435777172, 0.9135393068428634, 0.9279969697086062, 0.9687702428781683, 0.9215106456537883, 0.8852262192918193, 0.9077646309978085, 0.9548037017480926, 0.9125302515676122]
Mean correlation_distorted_mean: 0.8373316319287178
Median: correlation_distorted_mean: 0.8274875390437073
correlation_out_mean: [0.9229369541851956, 0.8601942905608785, 0.9408327070682267, 0.8994346354626457, 0.9034059055913212, 0.9203769713567677, 0.921336737570013, 0.9115874557770505, 0.907115199492042, 0.9560923018975326, 0.8128633637021556, 0.9371613617219797, 0.9375331452605545, 0.9430431338489389, 0.8863625783375235, 0.9295164630078626, 0.9154716772042708, 0.8580676194043534, 0.8869383822191043, 0.9392101418722832, 0.9333420487339128, 0.9437757902178572, 0.9443402210026621, 0.9105249022721569, 0.9302933566769621, 0.9417706325775662, 0.9401547506199385, 0.9677345705882788, 0.938687418577614, 0.9376956678243593, 0.9692166846926126, 0.9641305144372906, 0.9809384919156782, 0.9782172429733611, 0.9556862808922677, 0.9770183064457645, 0.9636788963123509, 0.9815088203592545, 0.9685357891526306, 0.9832721978197213]
Mean correlation_out_mean: 0.9325000902408235
Median: correlation_out_mean: 0.9381915432009866
correlation_distorted_median: [0.9695125971259204, 0.9573471498672925, 0.964611359291438, 0.9353044642882804, 0.98701528665142, 0.9337180229683052, 0.9774421334424372, 0.9882935377731875, 0.938562227965767, 0.9623038250173612, 0.9371518350197742, 0.9706648590332521, 0.96680331601797, 0.9804003766588559, 0.980306506274393, 0.9664419614361137, 0.9671100293204228, 0.9827729648592936, 0.9695093777635564, 0.9678235267414836, 0.984238168737337, 0.9870138596981206, 0.9812081971327906, 0.9724616604193863, 0.9661824319346848, 0.9736759573129546, 0.9818709557663289, 0.9836134822460414, 0.980699542380824, 0.9737341621663674, 0.9860233025570628, 0.9910516856061042, 0.9923553905475772, 0.993544982180135, 0.9963586299785522, 0.9937084363357384, 0.9914143897465199, 0.9918275285016913, 0.9977561435933506, 0.9944894126924796]
Mean correlation_distorted_median: 0.9754080919262643
Median: correlation_distorted_median: 0.9803534414666244
correlation_out_median: [0.9914076413736871, 0.9766901002080234, 0.9930593905415981, 0.9780455886976875, 0.980536043665594, 0.9858880579994912, 0.9820022996184586, 0.9818312180031439, 0.9775010973170204, 0.9939913796184476, 0.9562522145919703, 0.9915132637775862, 0.9914331181615144, 0.9904911620742041, 0.9825772750907169, 0.9904621608639252, 0.9888971785964968, 0.9767952521085368, 0.9819882257584672, 0.9896869423232475, 0.9899138935087489, 0.9954186564959043, 0.9963633301018557, 0.9867429905218843, 0.9910422939112408, 0.9956068046603601, 0.9936274537525185, 0.9974931480309397, 0.9943856659580597, 0.9940462347684375, 0.9966187000218033, 0.9971552692619824, 0.9980714292587026, 0.998011129485002, 0.9978360437625391, 0.9972123748562299, 0.9979442441531502, 0.9979278975097744, 0.9964577103557735, 0.9985965715831709]
Mean correlation_out_median: 0.9897880363086973
Median: correlation_out_median: 0.9914731909695502
mse_distorted_mean: [0.005552598365987914, 0.007106935411261671, 0.005891173427182048, 0.0071191881265658475, 0.005384698389904781, 0.007173493775011165, 0.005529575051080785, 0.004868848127229284, 0.006751731175155351, 0.007629417506461304, 0.005332400039946103, 0.003694311690674165, 0.0043316816164920245, 0.003226362210711168, 0.0040393304176004775, 0.0035837584669399926, 0.005035430717000985, 0.005030407708254293, 0.0046987234037918265, 0.00379312203736814, 0.0074293605646777346, 0.006270107930426938, 0.005576953301318014, 0.006209290744660476, 0.007978300348827254, 0.0082500321744447, 0.007051959625887505, 0.006064712243829501, 0.006098091819373574, 0.007824223520124742, 0.004844990343965466, 0.004851898338296663, 0.0032155696719524617, 0.003216465139168908, 0.0015029875435297096, 0.002767106688285518, 0.004622566093968797, 0.00353353418557721, 0.0022803986704882577, 0.0031672111079180647]
Mean mse_distorted_mean: 0.005213223693033521
Median: mse_distorted_mean: 0.005183915378473544
mse_out_mean: [0.0024623462894660018, 0.0034629535063925533, 0.0017093593078681552, 0.0031872959639183906, 0.003356376284256716, 0.0024872854108181582, 0.0024404041042935254, 0.004203355636087377, 0.0030032979879937595, 0.002128604149791469, 0.003922131715510511, 0.001983593715208548, 0.002085138169249058, 0.0019138631659342312, 0.0032226471213564582, 0.002218920479041353, 0.003078802628973819, 0.004286880453720383, 0.003627271577039979, 0.0020004056134693008, 0.0025634875253407107, 0.0021112441997063647, 0.0017667782967600582, 0.0028961077347249217, 0.00263035981997577, 0.0020889972055869416, 0.002280437923276596, 0.0013327587278133416, 0.0020370116711423895, 0.002589933841436389, 0.001676688981495458, 0.0020238835259276788, 0.0010997142325201719, 0.0011327780846291668, 0.003050357535685907, 0.001174997066911163, 0.0017460765756112516, 0.0009761119771113529, 0.002120620589022245, 0.0009624409010846867]
Mean mse_out_mean: 0.0023760429924038077
Median: mse_out_mean: 0.002173762314416411
mse_distorted_median: [0.005657513093180777, 0.00711970018572059, 0.005718218176442516, 0.007147552439792107, 0.005383448854972158, 0.007221115286049271, 0.005485172397922118, 0.004856366225504738, 0.0067810562834879655, 0.007629966542565833, 0.005350553731453779, 0.003668966089332544, 0.004337701607722899, 0.003222162490356008, 0.0040363510889809065, 0.003602254789934864, 0.005030528589422456, 0.0050225720326650385, 0.004692399719030399, 0.003791679377483277, 0.007521227225684927, 0.006346320559909462, 0.00555680647824601, 0.006221096330769702, 0.00815458515122508, 0.00830601280918953, 0.007166420818001699, 0.005891696926777499, 0.006056515432158114, 0.0076366175603925415, 0.00485459668287337, 0.00488723056222783, 0.003169905178609478, 0.0032455031872585046, 0.0015088331427784108, 0.0027477493293538153, 0.004648970762362579, 0.003582195811381385, 0.0022828843509976023, 0.003208320568900183]
Mean mse_distorted_median: 0.005218719196777949
Median: mse_distorted_median: 0.0051905411604381176
mse_out_median: [0.0024995935675038, 0.0034752847369520145, 0.0016698260507150397, 0.0031951784337762032, 0.003367310539884674, 0.002500435194410685, 0.0024234122515617534, 0.0041999068719836595, 0.0030084093034581146, 0.0021273457334784413, 0.003936536691491235, 0.0019701883156845543, 0.0020848887978589603, 0.00191032582149743, 0.0032245106854772833, 0.0022209339195766063, 0.003055157027872619, 0.004281869492994889, 0.0036235414194863425, 0.001998950857040278, 0.0025682705900481806, 0.0021788642868211675, 0.0017666479569198297, 0.002907946236841401, 0.002693154323315772, 0.002099441655012515, 0.002339759119869954, 0.0012918276455332887, 0.0020329852425322427, 0.00256778682249381, 0.0016787609488502382, 0.0020353736987715498, 0.0010973801656008252, 0.0011362249381185992, 0.0030619470450227743, 0.0011683210034562806, 0.0017495653302123204, 0.000981828079861737, 0.0021250698931551595, 0.0009751045269128689]
Mean mse_out_median: 0.002380746630551377
Median: mse_out_median: 0.002199899103198887
ssim_distorted_mean: [0.9655305194127171, 0.9532825808302404, 0.9610852857453192, 0.9554772311293861, 0.9655558589002301, 0.9555568055102615, 0.9670959265252823, 0.9683896632274822, 0.9551691679185931, 0.9563836909248257, 0.9550038719471134, 0.9707470932836427, 0.9680860720249713, 0.9714534110126495, 0.9628853630045805, 0.9652208425931411, 0.9594671313339449, 0.9639176367485338, 0.9625764865693837, 0.9684313187393474, 0.955648620450266, 0.9589381408946622, 0.9626999246291037, 0.9627181857208111, 0.9518297234223418, 0.9533707710100661, 0.9575115236164341, 0.960564496972542, 0.9581850595429239, 0.9486677340177398, 0.9623892157066003, 0.9592996018026126, 0.9760615358067998, 0.9771560661682591, 0.9872639652197883, 0.9769620336251528, 0.9641786009462218, 0.975021689600223, 0.9796692183300142, 0.9771258599705853]
Mean ssim_distorted_mean: 0.9639144481208698
Median: ssim_distorted_mean: 0.9627090551749574
ssim_out_mean: [0.982460082328741, 0.9726539223061792, 0.9855449465778683, 0.9767123043392003, 0.9766795019357536, 0.9814630775513291, 0.9822611491069851, 0.9749545434653222, 0.9775557903288672, 0.9857447637418234, 0.9653973487272867, 0.9846130332557025, 0.9836076038502597, 0.9849157062482876, 0.9713597533356941, 0.98039078913473, 0.973838544393434, 0.9665266183895203, 0.9708485997165235, 0.9828973914100498, 0.9783754278759839, 0.9814885676301635, 0.9851476358025345, 0.9775028010305956, 0.9810483758793759, 0.9844719857468418, 0.9806873250665178, 0.9876466517644561, 0.9822528082656742, 0.9779638837402825, 0.9842746278255273, 0.9785480825072816, 0.9895510447980979, 0.9901023040794371, 0.9793585406391574, 0.9875081692923071, 0.9829070127159595, 0.9908012297295415, 0.9818461498400796, 0.990872780377607]
Mean ssim_out_mean: 0.9808195218687745
Median: ssim_out_mean: 0.9816673587351215
ssim_distorted_median: [0.9651690228285514, 0.9535300340727539, 0.9613882259515465, 0.9553917744222793, 0.9653622862863329, 0.9554856062797448, 0.9670084820244207, 0.9678577651872072, 0.9550269132989206, 0.9561074348158424, 0.9549453063949355, 0.9707119593256788, 0.9680924358264859, 0.9714592422581181, 0.9628842419784345, 0.9651924371618041, 0.9593099092597377, 0.9639162631461953, 0.9625670475997155, 0.9684219857049828, 0.9555695358095789, 0.9591324650107762, 0.9626969449860635, 0.9629246007853094, 0.9514146846250255, 0.953328471575738, 0.9573985918902049, 0.9609386932030486, 0.9579937928732606, 0.9488444521992445, 0.9623160026006059, 0.9590094694625131, 0.975870136528329, 0.9771576212750324, 0.9871091997153937, 0.9768850118194787, 0.9643019529668669, 0.9749146554040177, 0.9795869761809014, 0.9770673373059513]
Mean ssim_distorted_median: 0.9638572242510257
Median: ssim_distorted_median: 0.9627905934822489
ssim_out_median: [0.9823222620183323, 0.9728103206316717, 0.9855344702475991, 0.9766540096894931, 0.9765083832789476, 0.9814447675369531, 0.9821831562437051, 0.9745569554301221, 0.9774883799760434, 0.9855763109273314, 0.9653415445056985, 0.9846093347207521, 0.9836058460384689, 0.9849146637366264, 0.9713402981061798, 0.9803901770792585, 0.9737803297932727, 0.9665301411066461, 0.9708484037628529, 0.9828886990742521, 0.9783718259599179, 0.9815792791443365, 0.985112960372579, 0.9775517213929616, 0.9808972339271822, 0.9842780670192419, 0.9805833778648472, 0.9877201375781905, 0.9821124902346272, 0.9779042204192873, 0.9842283673320892, 0.9783467863179154, 0.9893049963825069, 0.9901056050473246, 0.9791770608476642, 0.9874516250306945, 0.9830031754853564, 0.9907202597838659, 0.981799317400756, 0.9907952993878246]
Mean ssim_out_median: 0.9807593065208344
Median: ssim_out_median: 0.9816892982725463
Mean compute time per sample in seconds: 4.57183043663434e-06
