

METRICS REPORT

correlation_distorted_mean: [0.7023524385944472, 0.7836245153787449, 0.7007340354527165, 0.7834202021809155, 0.7759158820502609, 0.7269448821943962, 0.7811251538942781, 0.5897248807708175, 0.68125740085063, 0.6689307760231191, 0.7181060814711023, 0.7512179450497032, 0.6690223208115571, 0.7168556865312545, 0.7154412995982404, 0.7047331702487368, 0.8497742923760737, 0.704168166254306, 0.7714473724415136]
Mean correlation_distorted_mean: 0.7260419211669902
Median: correlation_distorted_mean: 0.7168556865312545
correlation_out_mean: [0.900410993887867, 0.8926553346872231, 0.8496634276639489, 0.8567807840308794, 0.8927609511633057, 0.8681977356470498, 0.8732243521134444, 0.7457404445760057, 0.7935834681476077, 0.8395909935591569, 0.8607613404864384, 0.9049912023505071, 0.8191692602301358, 0.8827148129916321, 0.8271759030948733, 0.8836939497680951, 0.8607288687836295, 0.8799269778557739, 0.9179363502829012]
Mean correlation_out_mean: 0.8605109027010777
Median: correlation_out_mean: 0.8681977356470498
correlation_distorted_median: [0.8490289609920938, 0.9226013823350806, 0.87075991356596, 0.939357206108824, 0.9241384483277149, 0.8945180245955779, 0.931977931789991, 0.68625156296119, 0.8392742382255332, 0.8267348376806241, 0.8962212656152235, 0.9031103122427355, 0.8270498229752653, 0.8615693814415537, 0.8664069639099405, 0.8505808464041262, 0.9766903191286411, 0.8463863234699569, 0.8971405653694459]
Mean correlation_distorted_median: 0.8741999109020778
Median: correlation_distorted_median: 0.87075991356596
correlation_out_median: [0.9761601592304888, 0.9748791272437431, 0.9704161761392694, 0.9714399509142488, 0.97681836455367, 0.9675383826740138, 0.9712800160251044, 0.8666484193335557, 0.9259174800308364, 0.9368716459825358, 0.9637263105763373, 0.9781136611428402, 0.9530487369051676, 0.9657365981366175, 0.9407886077782192, 0.9760424900434919, 0.9568745953981288, 0.9656520224464042, 0.9759613218061599]
Mean correlation_out_median: 0.9586270561242545
Median: correlation_out_median: 0.9675383826740138
mse_distorted_mean: [0.008322501432215967, 0.006163976477325906, 0.009280486309906534, 0.005870048074029273, 0.007784039575919788, 0.009257463368018713, 0.007039780782490521, 0.014457429050445374, 0.012182989737332006, 0.011207727187923766, 0.010271445758368062, 0.00709506782993076, 0.01342442786432336, 0.011271622766803779, 0.009732801366280753, 0.009584217713529365, 0.005220295132485279, 0.012741623040043552, 0.008401895364801196]
Mean mse_distorted_mean: 0.009437359938535471
Median: mse_distorted_mean: 0.009280486309906534
mse_out_mean: [0.002967305580885628, 0.003503963135402514, 0.004391007169023766, 0.00434440891730413, 0.004361039093652792, 0.0040981571503457045, 0.004915444439488127, 0.007224933582457323, 0.00887913055669888, 0.0039760621993304955, 0.004411272379002772, 0.0030614555382472114, 0.00718725777956733, 0.0053483457764417425, 0.007156949365002101, 0.004158952974945644, 0.005873467804063602, 0.0046111473161165, 0.002945263984973213]
Mean mse_out_mean: 0.004916608670681551
Median: mse_out_mean: 0.004391007169023766
mse_distorted_median: [0.008341300740417392, 0.006251192378388208, 0.009309606807060817, 0.005925613320159233, 0.007823217744171853, 0.009373125353992897, 0.007065263764518381, 0.01448638639373173, 0.012357641347559884, 0.011307572011670996, 0.01027799292674065, 0.007189393649509318, 0.013433515991306889, 0.01142960471942008, 0.00994549838529785, 0.009613688014477179, 0.005252887053231212, 0.012794885472922108, 0.008536067164412312]
Mean mse_distorted_median: 0.009511287012578367
Median: mse_distorted_median: 0.009373125353992897
mse_out_median: [0.002972131681671838, 0.0035577433460799155, 0.00440070953933909, 0.004386120349353267, 0.004372474731366436, 0.004147973952047304, 0.004927179334368066, 0.007245007406357001, 0.009006495024772672, 0.004010609559359662, 0.00441433271861199, 0.0031019706499970934, 0.0071970966419671965, 0.0054053550594669875, 0.007272290729657892, 0.004169420466030958, 0.005907113603029978, 0.004634043651898778, 0.002979654287284821]
Mean mse_out_median: 0.004953038038561103
Median: mse_out_median: 0.00440070953933909
ssim_distorted_mean: [0.9493725368106825, 0.9593096000250938, 0.9482960163077553, 0.9638875175890614, 0.950711460443706, 0.946744804766545, 0.9571198486930975, 0.920354661463034, 0.9330399132325339, 0.9370686983458075, 0.9387883451865776, 0.9562878475780064, 0.9255283679814851, 0.9334274729747247, 0.9434632230596931, 0.942161430365987, 0.965704488853996, 0.9341988056446201, 0.9519390995182422]
Mean ssim_distorted_mean: 0.945126533623192
Median: ssim_distorted_mean: 0.946744804766545
ssim_out_mean: [0.9802523412804679, 0.9761367061253907, 0.9731717831232936, 0.9762405649811389, 0.9694607753478817, 0.9730244885422913, 0.9681951755450222, 0.9507946694349403, 0.9473300230276471, 0.9704820370641801, 0.9684203945717514, 0.97981435528168, 0.9548609122596471, 0.968503313397662, 0.9561443810364662, 0.972046215813059, 0.9607605550710742, 0.9693794125057443, 0.9774334090230193]
Mean ssim_out_mean: 0.9680237638648608
Median: ssim_out_mean: 0.9694607753478817
ssim_distorted_median: [0.9487885675953204, 0.9590377833969265, 0.9481296534902213, 0.9638273685309671, 0.9501767370503047, 0.9465802262947701, 0.9571270922087138, 0.9200719887053221, 0.9318705011336621, 0.9370041673852249, 0.9384797591087847, 0.9559945924372723, 0.9264447806326132, 0.9331203051018261, 0.9436118590702429, 0.9416351736739532, 0.9654160438853986, 0.9337402299203125, 0.9514117926624186]
Mean ssim_distorted_median: 0.9448667695939083
Median: ssim_distorted_median: 0.9465802262947701
ssim_out_median: [0.9798953670441592, 0.9759393813459228, 0.9731343084527558, 0.9762461521113286, 0.9691078656792326, 0.9729015169773374, 0.9682146568596214, 0.950579594818658, 0.9462739444768619, 0.970569496834103, 0.9682684747900996, 0.9796195276378864, 0.955692489403821, 0.9683944522859298, 0.9563321110910804, 0.9717119823339492, 0.960375043077495, 0.9687520027086548, 0.977032573087885]
Mean ssim_out_median: 0.9678442600535148
Median: ssim_out_median: 0.9691078656792326
Mean compute time per sample in seconds: 1.120331631099605e-05
