

METRICS REPORT

correlation_distorted_mean: [0.7972887892187266, 0.7711733480022133, 0.7838008890696745, 0.7514580388730141, 0.8436644369347768, 0.7558907790936973, 0.8279867400484606, 0.8552065668044202, 0.7707694424569176, 0.8016479795934689, 0.7414702923850368, 0.8268358075300629, 0.8269883380389541, 0.8424162462235271, 0.8324543764861219, 0.8264580305004324, 0.8159535939126963, 0.8658631464129581, 0.829957829552272, 0.8350715575412663, 0.8102110270794741, 0.8387979358941723, 0.8114422047537547, 0.7930222304702177, 0.7997262324342421, 0.7874972698959561, 0.8136567275568011, 0.8327279382617732, 0.8240206194410532, 0.8019993206299522, 0.8906891297861489, 0.8949764435777172, 0.9135393068428634, 0.9279969697086062, 0.9687702428781683, 0.9215106456537883, 0.8852262192918193, 0.9077646309978085, 0.9548037017480926, 0.9125302515676122]
Mean correlation_distorted_mean: 0.8373316319287178
Median: correlation_distorted_mean: 0.8274875390437073
correlation_out_mean: [0.8775312777694568, 0.8464084868951991, 0.8665200620495542, 0.8522829740502971, 0.880945991931006, 0.8458639617331053, 0.8649390627971152, 0.8973890324779543, 0.8525264419875649, 0.8782612305425128, 0.8797946022221093, 0.937224740982585, 0.9424406517621826, 0.9362167355346772, 0.9523634142611881, 0.9357645880618908, 0.9261057264418425, 0.9311744041585008, 0.9523663483727082, 0.9518445674533479, 0.8302524636808538, 0.8681037367204092, 0.8429133775060521, 0.8391566829186522, 0.8504312123064915, 0.8223704462103523, 0.8482143768616086, 0.8789628105209639, 0.8649037946623228, 0.8714251942038652, 0.946294181079326, 0.9415002942762413, 0.9541631138672633, 0.9718206908168487, 0.9835805559393573, 0.9700921924648217, 0.9346842124533055, 0.9515179500295892, 0.9811845904848747, 0.9544360296124133]
Mean correlation_out_mean: 0.9028493052025102
Median: correlation_out_mean: 0.8891675122044802
correlation_distorted_median: [0.9695125971259204, 0.9573471498672925, 0.964611359291438, 0.9353044642882804, 0.98701528665142, 0.9337180229683052, 0.9774421334424372, 0.9882935377731875, 0.938562227965767, 0.9623038250173612, 0.9371518350197742, 0.9706648590332521, 0.96680331601797, 0.9804003766588559, 0.980306506274393, 0.9664419614361137, 0.9671100293204228, 0.9827729648592936, 0.9695093777635564, 0.9678235267414836, 0.984238168737337, 0.9870138596981206, 0.9812081971327906, 0.9724616604193863, 0.9661824319346848, 0.9736759573129546, 0.9818709557663289, 0.9836134822460414, 0.980699542380824, 0.9737341621663674, 0.9860233025570628, 0.9910516856061042, 0.9923553905475772, 0.993544982180135, 0.9963586299785522, 0.9937084363357384, 0.9914143897465199, 0.9918275285016913, 0.9977561435933506, 0.9944894126924796]
Mean correlation_distorted_median: 0.9754080919262643
Median: correlation_distorted_median: 0.9803534414666244
correlation_out_median: [0.9833783010830297, 0.9791721821994096, 0.9787697514904629, 0.9662720939201254, 0.9853001877840619, 0.966967378681427, 0.979846432489706, 0.9855549356508272, 0.9646558734704681, 0.9771972581331819, 0.9808629813997234, 0.9906413593273568, 0.9896645984243189, 0.9889138670292388, 0.9943014312617995, 0.9884492129908458, 0.9878205190363992, 0.9905188650867525, 0.9926767670786539, 0.992987908358064, 0.9759800058302169, 0.9838910850186131, 0.9810127161698564, 0.9818141402940453, 0.9782149352189428, 0.9851864216117538, 0.9854351594373225, 0.9871497987972317, 0.9874363741850896, 0.9866429082436697, 0.9919838367567899, 0.9963140688029857, 0.9956121831576448, 0.9972722927243663, 0.9973800994588473, 0.9974712802197854, 0.9958434544823357, 0.9943998749723542, 0.9977028414614209, 0.9962095784560826]
Mean correlation_out_median: 0.9864226240048801
Median: correlation_out_median: 0.9872930864911607
mse_distorted_mean: [0.005552598365987914, 0.007106935411261671, 0.005891173427182048, 0.0071191881265658475, 0.005384698389904781, 0.007173493775011165, 0.005529575051080785, 0.004868848127229284, 0.006751731175155351, 0.007629417506461304, 0.005332400039946103, 0.003694311690674165, 0.0043316816164920245, 0.003226362210711168, 0.0040393304176004775, 0.0035837584669399926, 0.005035430717000985, 0.005030407708254293, 0.0046987234037918265, 0.00379312203736814, 0.0074293605646777346, 0.006270107930426938, 0.005576953301318014, 0.006209290744660476, 0.007978300348827254, 0.0082500321744447, 0.007051959625887505, 0.006064712243829501, 0.006098091819373574, 0.007824223520124742, 0.004844990343965466, 0.004851898338296663, 0.0032155696719524617, 0.003216465139168908, 0.0015029875435297096, 0.002767106688285518, 0.004622566093968797, 0.00353353418557721, 0.0022803986704882577, 0.0031672111079180647]
Mean mse_distorted_mean: 0.005213223693033521
Median: mse_distorted_mean: 0.005183915378473544
mse_out_mean: [0.0036087601974750844, 0.00463346304347084, 0.0036579401231244214, 0.004650130355168702, 0.003857235523433061, 0.0050711708680002, 0.003823049184091077, 0.0037012849040696265, 0.004898633145763127, 0.005015049286545553, 0.0028629909977108342, 0.001865062644692482, 0.0020672307831475774, 0.0017019691393636448, 0.002257711753469959, 0.001838373298687404, 0.0029360085382191554, 0.0032410522865577943, 0.002485454992174585, 0.0018480457790612638, 0.006605359124911248, 0.005367223519661367, 0.00498202680957284, 0.0053470677126034585, 0.006038512059584864, 0.007309917519109212, 0.00601262003759951, 0.004752128480143087, 0.004936234520942505, 0.005522810380755891, 0.00248131656642886, 0.002861025689879301, 0.0017816597306417345, 0.001367151874845146, 0.0010555255828472185, 0.0012985358485760972, 0.0026216335856109737, 0.0018935708315119695, 0.0011795348727637568, 0.0017717875127394882]
Mean mse_out_mean: 0.003530156477623873
Median: mse_out_mean: 0.003424906242016439
mse_distorted_median: [0.005657513093180777, 0.00711970018572059, 0.005718218176442516, 0.007147552439792107, 0.005383448854972158, 0.007221115286049271, 0.005485172397922118, 0.004856366225504738, 0.0067810562834879655, 0.007629966542565833, 0.005350553731453779, 0.003668966089332544, 0.004337701607722899, 0.003222162490356008, 0.0040363510889809065, 0.003602254789934864, 0.005030528589422456, 0.0050225720326650385, 0.004692399719030399, 0.003791679377483277, 0.007521227225684927, 0.006346320559909462, 0.00555680647824601, 0.006221096330769702, 0.00815458515122508, 0.00830601280918953, 0.007166420818001699, 0.005891696926777499, 0.006056515432158114, 0.0076366175603925415, 0.00485459668287337, 0.00488723056222783, 0.003169905178609478, 0.0032455031872585046, 0.0015088331427784108, 0.0027477493293538153, 0.004648970762362579, 0.003582195811381385, 0.0022828843509976023, 0.003208320568900183]
Mean mse_distorted_median: 0.005218719196777949
Median: mse_distorted_median: 0.0051905411604381176
mse_out_median: [0.003667308928517369, 0.004636381916709115, 0.003567853524715465, 0.004655472351568621, 0.003860104609639782, 0.005102033006312227, 0.0037932404508710217, 0.0037041510699650374, 0.004915269101751895, 0.005013912035347155, 0.002867753333587953, 0.0018626917518074224, 0.0020670207228399118, 0.0016996508977868904, 0.002256903960453969, 0.001837509226444683, 0.0029259670154544886, 0.003239711506767469, 0.002483377167275627, 0.0018485789089816053, 0.006666984462320899, 0.005480801905751058, 0.004964817424403006, 0.005361116382503381, 0.006153998271137618, 0.007355257495100659, 0.006143667419150903, 0.0046261478893079595, 0.004917676615012061, 0.005514168652636368, 0.0024862485409209386, 0.002878860179671376, 0.001775105926234812, 0.0013748614865736755, 0.0010573256633521866, 0.0012900864706317642, 0.002632165852892479, 0.0019116563657344463, 0.0011812032102415234, 0.0017976166287919587]
Mean mse_out_median: 0.0035393664582291694
Median: mse_out_median: 0.003403782515741467
ssim_distorted_mean: [0.9655305194127171, 0.9532825808302404, 0.9610852857453192, 0.9554772311293861, 0.9655558589002301, 0.9555568055102615, 0.9670959265252823, 0.9683896632274822, 0.9551691679185931, 0.9563836909248257, 0.9550038719471134, 0.9707470932836427, 0.9680860720249713, 0.9714534110126495, 0.9628853630045805, 0.9652208425931411, 0.9594671313339449, 0.9639176367485338, 0.9625764865693837, 0.9684313187393474, 0.955648620450266, 0.9589381408946622, 0.9626999246292426, 0.9627181857208111, 0.9518297234223418, 0.9533707710100661, 0.9575115236164341, 0.960564496972542, 0.9581850595429239, 0.9486677340177398, 0.9623892157066003, 0.9592996018026126, 0.9760615358067998, 0.9771560661682591, 0.9872639652197883, 0.9769620336251528, 0.9641786009462218, 0.975021689600223, 0.9796692183300142, 0.9771258599705853]
Mean ssim_distorted_mean: 0.9639144481208733
Median: ssim_distorted_mean: 0.9627090551750268
ssim_out_mean: [0.9744358733395789, 0.9656641590446225, 0.9714468742245616, 0.9682521184895525, 0.972373126680262, 0.9660649335668305, 0.9732608491694302, 0.9748868674537737, 0.9658679238815043, 0.9690326220231106, 0.9748504793637333, 0.9844631323413201, 0.9831073495312516, 0.9846056929444836, 0.979439109997864, 0.9820255213429778, 0.9756158302317264, 0.9756666414502322, 0.9802791846166591, 0.984010896261375, 0.9580601274547792, 0.9621853965857718, 0.9654585659676337, 0.9664528239354919, 0.9609762242416461, 0.959014698569932, 0.963838961359461, 0.9672453864348798, 0.9656562493976136, 0.9613045048991493, 0.9777097969673261, 0.9714679987071844, 0.9840809963500043, 0.9878380750262628, 0.9905275325123893, 0.9869053673157323, 0.975843241282068, 0.9846017355896445, 0.9873564972505923, 0.9848380236296536]
Mean ssim_out_mean: 0.9741677847358016
Median: ssim_out_mean: 0.9746431763516561
ssim_distorted_median: [0.9651690228285514, 0.9535300340727539, 0.9613882259515465, 0.9553917744222793, 0.9653622862863329, 0.9554856062797448, 0.9670084820244207, 0.9678577651872072, 0.9550269132989206, 0.9561074348158424, 0.9549453063949355, 0.9707119593256788, 0.9680924358264859, 0.9714592422581181, 0.9628842419784345, 0.9651924371618041, 0.9593099092597377, 0.9639162631461953, 0.9625670475997155, 0.9684219857049828, 0.9555695358095789, 0.9591324650107762, 0.9626969449860635, 0.9629246007853094, 0.9514146846250255, 0.953328471575738, 0.9573985918902049, 0.9609386932030486, 0.9579937928732606, 0.9488444521992445, 0.9623160026006059, 0.9590094694625131, 0.975870136528329, 0.9771576212750324, 0.9871091997153937, 0.9768850118194787, 0.9643019529668669, 0.9749146554040177, 0.9795869761809014, 0.9770673373059513]
Mean ssim_distorted_median: 0.9638572242510257
Median: ssim_distorted_median: 0.9627905934822489
ssim_out_median: [0.9742341075852177, 0.9658218994301598, 0.9716520866823037, 0.9681799341930917, 0.9721717490558047, 0.9660364355074155, 0.9731740693716086, 0.9744538214544455, 0.9657991258181409, 0.9687858159568282, 0.9748213794600181, 0.984460246180596, 0.9831088247968486, 0.984607589581951, 0.9794421244958573, 0.9820507350927021, 0.9755960753746026, 0.9756960868615139, 0.9802677268210183, 0.9840002295700822, 0.9580326698016509, 0.9623023629307288, 0.9654476818213599, 0.9665732294522196, 0.9606775737437208, 0.9589126891398332, 0.9638061305203776, 0.9673981720273084, 0.9654988138657921, 0.96142507214718, 0.9776575465530205, 0.9712325098145768, 0.9837702120884236, 0.9878426604005263, 0.9904169850206413, 0.9868396389125879, 0.975977086489414, 0.984488276427341, 0.9872699949734666, 0.9847428881632004]
Mean ssim_out_median: 0.9741168064395893
Median: ssim_out_median: 0.9743439645198315
Mean compute time per sample in seconds: 5.568645730003574e-06
