

METRICS REPORT

correlation_distorted_mean: [0.7972887892187266, 0.7711733480022133, 0.7838008890696745, 0.7514580388730141, 0.8436644369347768, 0.7558907790936973, 0.8279867400484606, 0.8552065668044202, 0.7707694424569176, 0.8016479795934689, 0.7414702923850368, 0.8268358075300629, 0.8269883380389541, 0.8424162462235271, 0.8324543764861219, 0.8264580305004324, 0.8159535939126963, 0.8658631464129581, 0.829957829552272, 0.8350715575412663, 0.8102110270794741, 0.8387979358941723, 0.8114422047537547, 0.7930222304702177, 0.7997262324342421, 0.7874972698959561, 0.8136567275568011, 0.8327279382617732, 0.8240206194410532, 0.8019993206299522, 0.8906891297861489, 0.8949764435777172, 0.9135393068428634, 0.9279969697086062, 0.9687702428781683, 0.9215106456537883, 0.8852262192918193, 0.9077646309978085, 0.9548037017480926, 0.9125302515676122]
Mean correlation_distorted_mean: 0.8373316319287178
Median: correlation_distorted_mean: 0.8274875390437073
correlation_out_mean: [0.8797018260664029, 0.8438297722444406, 0.8721555536400467, 0.8493445951557701, 0.876089767747242, 0.8434582120083302, 0.8663952796446314, 0.8997823271037961, 0.8606573212822929, 0.8746221704566082, 0.8814114404741417, 0.9324347572287569, 0.9364232695497874, 0.9383279017192294, 0.9512336699971854, 0.9324626207738366, 0.9288380345721748, 0.9366831012659412, 0.9531044904158201, 0.9504440007883145, 0.833474244288667, 0.886740096616865, 0.8547045602480351, 0.9050574503914124, 0.8730449196769543, 0.8544475422791814, 0.8668718257622582, 0.8948263647069883, 0.8990095487721822, 0.8678117261022144, 0.9509007216754124, 0.9468150498328708, 0.9635534121640105, 0.975611586652743, 0.9825434973408004, 0.9776904697285116, 0.944029424289545, 0.963108838492705, 0.9775206280275447, 0.9670349297098085]
Mean correlation_out_mean: 0.9098049237223365
Median: correlation_out_mean: 0.9024198887476043
correlation_distorted_median: [0.9695125971259204, 0.9573471498672925, 0.964611359291438, 0.9353044642882804, 0.98701528665142, 0.9337180229683052, 0.9774421334424372, 0.9882935377731875, 0.938562227965767, 0.9623038250173612, 0.9371518350197742, 0.9706648590332521, 0.96680331601797, 0.9804003766588559, 0.980306506274393, 0.9664419614361137, 0.9671100293204228, 0.9827729648592936, 0.9695093777635564, 0.9678235267414836, 0.984238168737337, 0.9870138596981206, 0.9812081971327906, 0.9724616604193863, 0.9661824319346848, 0.9736759573129546, 0.9818709557663289, 0.9836134822460414, 0.980699542380824, 0.9737341621663674, 0.9860233025570628, 0.9910516856061042, 0.9923553905475772, 0.993544982180135, 0.9963586299785522, 0.9937084363357384, 0.9914143897465199, 0.9918275285016913, 0.9977561435933506, 0.9944894126924796]
Mean correlation_distorted_median: 0.9754080919262643
Median: correlation_distorted_median: 0.9803534414666244
correlation_out_median: [0.9786769135825693, 0.9780410239489974, 0.9759089332491284, 0.9612111954314894, 0.9834761959386937, 0.956884889880864, 0.9797032358616906, 0.9841580824803947, 0.9636436529864728, 0.971481200040431, 0.9796586923898698, 0.9881266572454361, 0.9892827027409535, 0.9905254194433617, 0.994096621469526, 0.9863863750787405, 0.9883788153008048, 0.9909920253530302, 0.9914701583696242, 0.991418270125882, 0.9639134445493982, 0.9808403147602238, 0.9701241439046646, 0.9860931756047606, 0.9835528746695971, 0.9790565135053634, 0.9793607847258112, 0.9829706274137912, 0.9840511734439377, 0.9782947678216611, 0.9942607807192166, 0.9960306605862903, 0.997017432938547, 0.9976735729456695, 0.99828407070913, 0.9978419858046838, 0.9962472537475883, 0.9960192773598829, 0.9967514759771355, 0.9972061813755124]
Mean correlation_out_median: 0.9844777893370207
Median: correlation_out_median: 0.9851256290425776
mse_distorted_mean: [0.005552598365987914, 0.007106935411261671, 0.005891173427182048, 0.0071191881265658475, 0.005384698389904781, 0.007173493775011165, 0.005529575051080785, 0.004868848127229284, 0.006751731175155351, 0.007629417506461304, 0.005332400039946103, 0.003694311690674165, 0.0043316816164920245, 0.003226362210711168, 0.0040393304176004775, 0.0035837584669399926, 0.005035430717000985, 0.005030407708254293, 0.0046987234037918265, 0.00379312203736814, 0.0074293605646777346, 0.006270107930426938, 0.005576953301318014, 0.006209290744660476, 0.007978300348827254, 0.0082500321744447, 0.007051959625887505, 0.006064712243829501, 0.006098091819373574, 0.007824223520124742, 0.004844990343965466, 0.004851898338296663, 0.0032155696719524617, 0.003216465139168908, 0.0015029875435297096, 0.002767106688285518, 0.004622566093968797, 0.00353353418557721, 0.0022803986704882577, 0.0031672111079180647]
Mean mse_distorted_mean: 0.005213223693033521
Median: mse_distorted_mean: 0.005183915378473544
mse_out_mean: [0.0035018809358374437, 0.004955633487397842, 0.003454014801101632, 0.004509914820483806, 0.0037491216814364106, 0.004789227845543584, 0.0033839103610017137, 0.00343904660489378, 0.004465321961576213, 0.004888170499453639, 0.0026300130664271585, 0.0019488371027709093, 0.0020702579104579628, 0.001767191327298549, 0.002347868220111955, 0.001955553510169008, 0.002987673968792669, 0.003164725273442471, 0.0024659759449245085, 0.0019332357281738096, 0.005802521948669088, 0.003782181079131897, 0.003442756081623896, 0.003027143354397987, 0.004997616195706164, 0.006003599693522031, 0.005078750662933609, 0.0034078319418956358, 0.0035734032357684293, 0.004965724563882373, 0.002352695766794925, 0.00264210440139672, 0.0015145771687907746, 0.0013272669957080535, 0.001193087710615444, 0.0011374422416294318, 0.0023143080609204524, 0.001618778356776247, 0.0012723563067785755, 0.0014300308099369627]
Mean mse_out_mean: 0.0031322937907043444
Median: mse_out_mean: 0.003095934313920229
mse_distorted_median: [0.005657513093180777, 0.00711970018572059, 0.005718218176442516, 0.007147552439792107, 0.005383448854972158, 0.007221115286049271, 0.005485172397922118, 0.004856366225504738, 0.0067810562834879655, 0.007629966542565833, 0.005350553731453779, 0.003668966089332544, 0.004337701607722899, 0.003222162490356008, 0.0040363510889809065, 0.003602254789934864, 0.005030528589422456, 0.0050225720326650385, 0.004692399719030399, 0.003791679377483277, 0.007521227225684927, 0.006346320559909462, 0.00555680647824601, 0.006221096330769702, 0.00815458515122508, 0.00830601280918953, 0.007166420818001699, 0.005891696926777499, 0.006056515432158114, 0.0076366175603925415, 0.00485459668287337, 0.00488723056222783, 0.003169905178609478, 0.0032455031872585046, 0.0015088331427784108, 0.0027477493293538153, 0.004648970762362579, 0.003582195811381385, 0.0022828843509976023, 0.003208320568900183]
Mean mse_distorted_median: 0.005218719196777949
Median: mse_distorted_median: 0.0051905411604381176
mse_out_median: [0.00355674097445472, 0.004963975078034078, 0.003358734260814713, 0.004519514309899568, 0.003753061989716738, 0.004819552539068481, 0.0033645497706012075, 0.003436523784464917, 0.004481349736538069, 0.004887629541741776, 0.002635905674636751, 0.0019416262190800656, 0.0020691512055821468, 0.0017639392874723788, 0.0023470414679406587, 0.0019594475981550247, 0.002977730518666773, 0.0031630040234959618, 0.002464163836647539, 0.0019339139528799032, 0.00579662951811793, 0.0038722506174581933, 0.0034229120701338295, 0.00304122330834641, 0.005103194402474922, 0.006035430416436795, 0.005182934677328124, 0.0033127283322221075, 0.0035570973892519297, 0.004894328696598942, 0.0023579355539086154, 0.002659764008470299, 0.0015063699000142945, 0.001332807344066857, 0.0011960919939314326, 0.0011290949150779513, 0.0023231256442281176, 0.0016342429738519036, 0.0012760313504822142, 0.0014509430791107766]
Mean mse_out_median: 0.0031370672990350774
Median: mse_out_median: 0.003102113665921186
ssim_distorted_mean: [0.9655305194127171, 0.9532825808302404, 0.9610852857453192, 0.9554772311293861, 0.9655558589002301, 0.9555568055102615, 0.9670959265252823, 0.9683896632274822, 0.9551691679185931, 0.9563836909248257, 0.9550038719471134, 0.9707470932836427, 0.9680860720249713, 0.9714534110126495, 0.9628853630045805, 0.9652208425931411, 0.9594671313339449, 0.9639176367485338, 0.9625764865693837, 0.9684313187393474, 0.955648620450266, 0.9589381408946622, 0.9626999246292426, 0.9627181857208111, 0.9518297234223418, 0.9533707710100661, 0.9575115236164341, 0.960564496972542, 0.9581850595429239, 0.9486677340177398, 0.9623892157066003, 0.9592996018026126, 0.9760615358067998, 0.9771560661682591, 0.9872639652197883, 0.9769620336251528, 0.9641786009462218, 0.975021689600223, 0.9796692183300142, 0.9771258599705853]
Mean ssim_distorted_mean: 0.9639144481208733
Median: ssim_distorted_mean: 0.9627090551750268
ssim_out_mean: [0.9745910201204582, 0.9638775739537185, 0.97327629154585, 0.9686166314803295, 0.9721446487687444, 0.9675934695489293, 0.9749895060366701, 0.9761913544581293, 0.967336885164939, 0.9688872844358173, 0.9758967587544278, 0.9838296046529166, 0.9828415146239958, 0.9844616084811509, 0.9785917160610937, 0.9815470080349487, 0.976063662745702, 0.9761200323771726, 0.9807229337842605, 0.9835639377637204, 0.9603745269696983, 0.9701816259970064, 0.9721273346981232, 0.9792742373322122, 0.9672738784573127, 0.9644165432958098, 0.9675693460520867, 0.9729732826695191, 0.9717989707444408, 0.9619449757764176, 0.9789790174979973, 0.9729817696212768, 0.9865396164320874, 0.9883143359521316, 0.9895811506419804, 0.9884092612672026, 0.978092241608911, 0.986519290344445, 0.9863024460657642, 0.98728508430925]
Mean ssim_out_mean: 0.9760520594631661
Median: ssim_out_mean: 0.9759802107500649
ssim_distorted_median: [0.9651690228285514, 0.9535300340727539, 0.9613882259515465, 0.9553917744222793, 0.9653622862863329, 0.9554856062797448, 0.9670084820244207, 0.9678577651872072, 0.9550269132989206, 0.9561074348158424, 0.9549453063949355, 0.9707119593256788, 0.9680924358264859, 0.9714592422581181, 0.9628842419784345, 0.9651924371618041, 0.9593099092597377, 0.9639162631461953, 0.9625670475997155, 0.9684219857049828, 0.9555695358095789, 0.9591324650107762, 0.9626969449860635, 0.9629246007853094, 0.9514146846250255, 0.953328471575738, 0.9573985918902049, 0.9609386932030486, 0.9579937928732606, 0.9488444521992445, 0.9623160026006059, 0.9590094694625131, 0.975870136528329, 0.9771576212750324, 0.9871091997153937, 0.9768850118194787, 0.9643019529668669, 0.9749146554040177, 0.9795869761809014, 0.9770673373059513]
Mean ssim_distorted_median: 0.9638572242510257
Median: ssim_distorted_median: 0.9627905934822489
ssim_out_median: [0.9743946311994314, 0.9640223722432091, 0.9734437110102243, 0.9685387863213617, 0.9719319139198908, 0.9675612558208875, 0.9748814685633854, 0.9757531970257611, 0.9672798278287276, 0.9686439892788801, 0.9758685081368952, 0.9838211827733669, 0.9828476036782914, 0.9844593832019284, 0.9785952545104744, 0.9815703004427543, 0.9760398378788281, 0.9761510852207353, 0.9807146232371883, 0.9835563885517531, 0.9604484767846887, 0.9702680541724304, 0.9721022370865642, 0.9792657255060141, 0.9670353150517133, 0.9642744452300018, 0.9673470781404385, 0.9730260408658555, 0.9716102701477676, 0.9620654975709387, 0.9789207850822905, 0.9727636864145472, 0.9862634770136818, 0.9883278645931152, 0.9894649792152482, 0.9883480246395302, 0.9782245419413242, 0.9863938810693743, 0.9862219211439001, 0.9872052854494922]
Mean ssim_out_median: 0.9759913226990722
Median: ssim_out_median: 0.9758108525813282
Mean compute time per sample in seconds: 3.688357981973642e-06
