

METRICS REPORT

correlation_distorted_mean: [0.7972887892187266, 0.7711733480022133, 0.7838008890696745, 0.7514580388730141, 0.8436644369347768, 0.7558907790936973, 0.8279867400484606, 0.8552065668044202, 0.7707694424569176, 0.8016479795934689, 0.7414702923850368, 0.8268358075300629, 0.8269883380389541, 0.8424162462235271, 0.8324543764861219, 0.8264580305004324, 0.8159535939126963, 0.8658631464129581, 0.829957829552272, 0.8350715575412663, 0.8102110270794741, 0.8387979358941723, 0.8114422047537547, 0.7930222304702177, 0.7997262324342421, 0.7874972698959561, 0.8136567275568011, 0.8327279382617732, 0.8240206194410532, 0.8019993206299522, 0.8906891297861489, 0.8949764435777172, 0.9135393068428634, 0.9279969697086062, 0.9687702428781683, 0.9215106456537883, 0.8852262192918193, 0.9077646309978085, 0.9548037017480926, 0.9125302515676122]
Mean correlation_distorted_mean: 0.8373316319287178
Median: correlation_distorted_mean: 0.8274875390437073
correlation_out_mean: [0.8495519449396928, 0.8355850084849662, 0.8543179381804088, 0.8195453210245062, 0.8576406001070356, 0.8299467849706971, 0.8653324412328204, 0.8832010714932815, 0.841796672994656, 0.8604373209003241, 0.8718316540224144, 0.9259193437944224, 0.9236520555076089, 0.9158327559721989, 0.9416343492072292, 0.920710702860481, 0.9226171339643728, 0.9146906497543557, 0.9401435747055642, 0.9308570317936662, 0.8501398304812565, 0.8925317940401721, 0.866255662367415, 0.9071640457766843, 0.872688033632549, 0.8502892628759527, 0.8711604268997644, 0.8972746673474801, 0.9062972466425787, 0.866727701831561, 0.9490750595797852, 0.9464025546199686, 0.9619876371532706, 0.9740743876095496, 0.9854379749685599, 0.9720150408997325, 0.9437497295297278, 0.9598111972298825, 0.981048427651374, 0.9644283506825483]
Mean correlation_out_mean: 0.9030950846932629
Median: correlation_out_mean: 0.9067306462096315
correlation_distorted_median: [0.9695125971259204, 0.9573471498672925, 0.964611359291438, 0.9353044642882804, 0.98701528665142, 0.9337180229683052, 0.9774421334424372, 0.9882935377731875, 0.938562227965767, 0.9623038250173612, 0.9371518350197742, 0.9706648590332521, 0.96680331601797, 0.9804003766588559, 0.980306506274393, 0.9664419614361137, 0.9671100293204228, 0.9827729648592936, 0.9695093777635564, 0.9678235267414836, 0.984238168737337, 0.9870138596981206, 0.9812081971327906, 0.9724616604193863, 0.9661824319346848, 0.9736759573129546, 0.9818709557663289, 0.9836134822460414, 0.980699542380824, 0.9737341621663674, 0.9860233025570628, 0.9910516856061042, 0.9923553905475772, 0.993544982180135, 0.9963586299785522, 0.9937084363357384, 0.9914143897465199, 0.9918275285016913, 0.9977561435933506, 0.9944894126924796]
Mean correlation_distorted_median: 0.9754080919262643
Median: correlation_distorted_median: 0.9803534414666244
correlation_out_median: [0.970271369557074, 0.9711386537266377, 0.9683414244469062, 0.9495855106736657, 0.9782428221765787, 0.9516024920903308, 0.9786229600638935, 0.9847666289030392, 0.956299231761818, 0.9665422795522942, 0.9767683802446987, 0.9862755360965827, 0.9816836292543135, 0.9812801001722955, 0.9897715548680692, 0.9818452260072761, 0.9857754466339306, 0.9883885178291958, 0.9872614049929811, 0.9844305610156707, 0.9746256993626645, 0.9858257905697732, 0.9768878959712426, 0.9881802825572104, 0.9864823746070908, 0.9831036472777974, 0.9818168952298234, 0.9869887378882566, 0.9872930885998514, 0.9814667689734821, 0.9939821308479255, 0.9959428615731389, 0.9960282219521603, 0.9971361352140475, 0.9978239917270572, 0.9969977555942912, 0.9961430633197736, 0.9960330697628047, 0.997205869422066, 0.9964411904792149]
Mean correlation_out_median: 0.9828824800249232
Median: correlation_out_median: 0.9852710377684849
mse_distorted_mean: [0.005552598365987914, 0.007106935411261671, 0.005891173427182048, 0.0071191881265658475, 0.005384698389904781, 0.007173493775011165, 0.005529575051080785, 0.004868848127229284, 0.006751731175155351, 0.007629417506461304, 0.005332400039946103, 0.003694311690674165, 0.0043316816164920245, 0.003226362210711168, 0.0040393304176004775, 0.0035837584669399926, 0.005035430717000985, 0.005030407708254293, 0.0046987234037918265, 0.00379312203736814, 0.0074293605646777346, 0.006270107930426938, 0.005576953301318014, 0.006209290744660476, 0.007978300348827254, 0.0082500321744447, 0.007051959625887505, 0.006064712243829501, 0.006098091819373574, 0.007824223520124742, 0.004844990343965466, 0.004851898338296663, 0.0032155696719524617, 0.003216465139168908, 0.0015029875435297096, 0.002767106688285518, 0.004622566093968797, 0.00353353418557721, 0.0022803986704882577, 0.0031672111079180647]
Mean mse_distorted_mean: 0.005213223693033521
Median: mse_distorted_mean: 0.005183915378473544
mse_out_mean: [0.0046939705639660574, 0.004913949108876154, 0.0038654396805611877, 0.005434858461931851, 0.005054843628410106, 0.005703637850375607, 0.0040994748588835915, 0.004484533516834643, 0.005183311920187327, 0.0059485502427560335, 0.0031235369175322118, 0.002021988548711937, 0.00228573224057596, 0.001998258732148701, 0.0025088755033813026, 0.002102192228238804, 0.003259288238808907, 0.0033808748945849338, 0.00267148794989786, 0.0021958870609374375, 0.005542185799390634, 0.003916240758778614, 0.003478851216683979, 0.002995264961695656, 0.0050684999525158056, 0.006210667725917032, 0.005160956328915351, 0.003613737367148349, 0.0035844588500106, 0.005409778941926601, 0.0024521445399034963, 0.0026717067155549988, 0.0015756945910042903, 0.0013789800583509538, 0.0009615559813912116, 0.001278559469119527, 0.0023408899553414983, 0.0016227784552389616, 0.0012076792200571783, 0.0014982304909115223]
Mean mse_out_mean: 0.0034224888381864218
Median: mse_out_mean: 0.00332008156669692
mse_distorted_median: [0.005657513093180777, 0.00711970018572059, 0.005718218176442516, 0.007147552439792107, 0.005383448854972158, 0.007221115286049271, 0.005485172397922118, 0.004856366225504738, 0.0067810562834879655, 0.007629966542565833, 0.005350553731453779, 0.003668966089332544, 0.004337701607722899, 0.003222162490356008, 0.0040363510889809065, 0.003602254789934864, 0.005030528589422456, 0.0050225720326650385, 0.004692399719030399, 0.003791679377483277, 0.007521227225684927, 0.006346320559909462, 0.00555680647824601, 0.006221096330769702, 0.00815458515122508, 0.00830601280918953, 0.007166420818001699, 0.005891696926777499, 0.006056515432158114, 0.0076366175603925415, 0.00485459668287337, 0.00488723056222783, 0.003169905178609478, 0.0032455031872585046, 0.0015088331427784108, 0.0027477493293538153, 0.004648970762362579, 0.003582195811381385, 0.0022828843509976023, 0.003208320568900183]
Mean mse_distorted_median: 0.005218719196777949
Median: mse_distorted_median: 0.0051905411604381176
mse_out_median: [0.004768038687937513, 0.0049193339294110305, 0.0037678590721268745, 0.005449216711717782, 0.005047316416799183, 0.005740201567211355, 0.004068774239788917, 0.004486254713057535, 0.0052039090915884075, 0.00594715738514851, 0.0031319691959811355, 0.0020170393020601724, 0.002286942188491084, 0.00199656048084454, 0.0025070097889340883, 0.0021045650047130686, 0.0032493828617903907, 0.003379928523642664, 0.0026664471947514556, 0.002196183556047827, 0.005549086476881152, 0.003991878341501117, 0.0034629079922714845, 0.0030119440647959194, 0.005184634382022143, 0.006248109961716762, 0.005265870563372821, 0.0035152069609977283, 0.003564843117610293, 0.005345126425099213, 0.002456855137821336, 0.0026874539808237567, 0.0015671675065607382, 0.0013809694865136006, 0.0009636931755198765, 0.0012699851644566154, 0.002348816394068814, 0.0016360779122037935, 0.0012106130299913706, 0.0015198015168766171]
Mean mse_out_median: 0.0034278782875787174
Median: mse_out_median: 0.003314655692716527
ssim_distorted_mean: [0.9655305194127171, 0.9532825808302404, 0.9610852857453192, 0.9554772311293861, 0.9655558589002301, 0.9555568055102615, 0.9670959265252823, 0.9683896632274822, 0.9551691679185931, 0.9563836909248257, 0.9550038719471134, 0.9707470932836427, 0.9680860720249713, 0.9714534110126495, 0.9628853630045805, 0.9652208425931411, 0.9594671313339449, 0.9639176367485338, 0.9625764865693837, 0.9684313187393474, 0.955648620450266, 0.9589381408946622, 0.9626999246292426, 0.9627181857208111, 0.9518297234223418, 0.9533707710100661, 0.9575115236164341, 0.960564496972542, 0.9581850595429239, 0.9486677340177398, 0.9623892157066003, 0.9592996018026126, 0.9760615358067998, 0.9771560661682591, 0.9872639652197883, 0.9769620336251528, 0.9641786009462218, 0.975021689600223, 0.9796692183300142, 0.9771258599705853]
Mean ssim_distorted_mean: 0.9639144481208733
Median: ssim_distorted_mean: 0.9627090551750268
ssim_out_mean: [0.9692552901260882, 0.9637492669927963, 0.9699056666650523, 0.9636861898396785, 0.9665940093777867, 0.9641417491311635, 0.9722157620393385, 0.9713372238237001, 0.9637542381009335, 0.9645818853930807, 0.9733806997144309, 0.9830823341892531, 0.9807551171686756, 0.9819068322512139, 0.9773225051254342, 0.97974945893873, 0.9744246886125454, 0.9740051473522072, 0.9786904063882287, 0.9811597129479365, 0.9622700665095643, 0.9692917659685752, 0.9716078069627477, 0.978909729261529, 0.9669565861043253, 0.9616793948300618, 0.9657358162762991, 0.9722817913061622, 0.9720493037469298, 0.9597622803508329, 0.9782102711435965, 0.9727561190483293, 0.9860203149223695, 0.9878066410672259, 0.9919576225544088, 0.9872545941667693, 0.9778415402710785, 0.9865271510098191, 0.9870587660477236, 0.986776912100463]
Mean ssim_out_mean: 0.974411316445677
Median: ssim_out_mean: 0.9730684093813801
ssim_distorted_median: [0.9651690228285514, 0.9535300340727539, 0.9613882259515465, 0.9553917744222793, 0.9653622862863329, 0.9554856062797448, 0.9670084820244207, 0.9678577651872072, 0.9550269132989206, 0.9561074348158424, 0.9549453063949355, 0.9707119593256788, 0.9680924358264859, 0.9714592422581181, 0.9628842419784345, 0.9651924371618041, 0.9593099092597377, 0.9639162631461953, 0.9625670475997155, 0.9684219857049828, 0.9555695358095789, 0.9591324650107762, 0.9626969449860635, 0.9629246007853094, 0.9514146846250255, 0.953328471575738, 0.9573985918902049, 0.9609386932030486, 0.9579937928732606, 0.9488444521992445, 0.9623160026006059, 0.9590094694625131, 0.975870136528329, 0.9771576212750324, 0.9871091997153937, 0.9768850118194787, 0.9643019529668669, 0.9749146554040177, 0.9795869761809014, 0.9770673373059513]
Mean ssim_distorted_median: 0.9638572242510257
Median: ssim_distorted_median: 0.9627905934822489
ssim_out_median: [0.969034837677628, 0.9638741975331322, 0.9700865953674973, 0.9636368537810657, 0.9663815277067267, 0.96409796442892, 0.9721075808486142, 0.9708601569177374, 0.9636802231140618, 0.964330227697844, 0.9733439573863457, 0.9830776376911579, 0.9807606709246066, 0.9819080712194285, 0.9773222277974427, 0.9797599116679443, 0.9743750834343068, 0.9740208440457836, 0.9786870712910664, 0.9811529432249482, 0.9623361548694205, 0.9693908320555706, 0.9715938127631958, 0.9789092956875745, 0.9666746996510831, 0.96155012386057, 0.9655571946248805, 0.9722756840961682, 0.9718675124698365, 0.9598828912601367, 0.9781466455189513, 0.9725364299656865, 0.9857255057265979, 0.9878271939155657, 0.9918714977461226, 0.9871833800588492, 0.9779675399307419, 0.9864024613283549, 0.9869697629648991, 0.9866870237953326]
Mean ssim_out_median: 0.974346355651145
Median: ssim_out_median: 0.972940193676016
Mean compute time per sample in seconds: 3.947700235745884e-06
