

METRICS REPORT

correlation_distorted_mean: [0.9387477789810645, 0.8999125358484645, 0.9414120627787277, 0.9126218254825632, 0.9375301070603114, 0.9534732223500733, 0.9513252366033107, 0.956406270528608, 0.9284557137791475, 0.9358443975892673, 0.8145218266155264, 0.8346685009838585, 0.8574432300781374, 0.8643961871745358, 0.8294397140906545, 0.8255223414858198, 0.8738035336562693, 0.7835565954349402, 0.8589783640484127, 0.833710181533624]
Mean correlation_distorted_mean: 0.8865884813051659
Median: correlation_distorted_mean: 0.8868580347523669
correlation_out_mean: [0.9801558477086806, 0.94623576733118, 0.9785158698677535, 0.9656384614505069, 0.9764219468909989, 0.9825827892805281, 0.9845231138980988, 0.9854702647658302, 0.9716868259775183, 0.9769417315953142, 0.8756758886562419, 0.9126474423688581, 0.932160936389594, 0.8908513037376649, 0.917772200376538, 0.9139624353301006, 0.9220814014190675, 0.8862012937320471, 0.9116928089157789, 0.9190898750586692]
Mean correlation_out_mean: 0.9415154102375485
Median: correlation_out_mean: 0.939198351860387
correlation_distorted_median: [0.9952576170616543, 0.9873834468671504, 0.9956792438782517, 0.9925129116982715, 0.9977397839984126, 0.9964195358447299, 0.9957289373494135, 0.9965723935260998, 0.9940677056551476, 0.9959377085629735, 0.9688611928014312, 0.9682287744406558, 0.9791313319125383, 0.9811649139042234, 0.963442034481546, 0.9689720292972158, 0.9788743512744775, 0.949270375555384, 0.9826186420017495, 0.9631461577994752]
Mean correlation_distorted_median: 0.98255045439554
Median: correlation_distorted_median: 0.9850010444344499
correlation_out_median: [0.9982114184181013, 0.9938598231401896, 0.9982870372208679, 0.996941295484615, 0.9975819355916646, 0.9983918850542421, 0.9983878112926531, 0.9985038210843654, 0.9978756157637648, 0.9987495445039976, 0.979888362885611, 0.9811735358914528, 0.9893818315299714, 0.9716304377518031, 0.9865331009887917, 0.9873583606027785, 0.9837785386145762, 0.9800896595000295, 0.9858480759539904, 0.9873576575476217]
Mean correlation_out_median: 0.9904914874410545
Median: correlation_out_median: 0.9916208273350805
mse_distorted_mean: [0.0010580720919079563, 0.0018428186413873412, 0.000939538053135125, 0.0014018830728278137, 0.0016073598835527469, 0.0006983548334477816, 0.0012901438695844898, 0.0006290198601661755, 0.0016807646312810784, 0.001324073668668675, 0.0057932559836886355, 0.0043942136540336225, 0.003996113211868598, 0.004767870393975397, 0.004486142757578556, 0.004706195855687909, 0.0035262105204855506, 0.007877629707409151, 0.005282305516488193, 0.004844964066737272]
Mean mse_distorted_mean: 0.003107346513695603
Median: mse_distorted_mean: 0.002684514580936446
mse_out_mean: [0.0007616800422509715, 0.0012342127556643145, 0.000681142828982124, 0.0009084764079527132, 0.0012249476279471564, 0.0005716466217451688, 0.0010548302868610027, 0.00047866686023260643, 0.0012193402519085038, 0.000996339274235969, 0.0048207142210975685, 0.0035110165476863694, 0.0026579861126281, 0.00425816772101298, 0.002967182072560152, 0.0029044027251022447, 0.003059545738190126, 0.0066577654274899666, 0.0038625878862080273, 0.003250773818489743]
Mean mse_out_mean: 0.0023540712614122904
Median: mse_out_mean: 0.0019460994341462074
mse_distorted_median: [0.0010684465479701033, 0.001965643110793223, 0.000950041578125351, 0.001421355028807715, 0.0016051998034971517, 0.0007040257124596321, 0.0012798040276878644, 0.000629241849595757, 0.0016765059700443218, 0.001326690874185393, 0.005859115896057609, 0.004463072253126391, 0.003958356874528837, 0.00480977165521352, 0.004438169075254772, 0.004740662934727505, 0.003491613133770063, 0.007896296992751984, 0.0053576554134021565, 0.004847182578994292]
Mean mse_distorted_median: 0.0031244425655496816
Median: mse_distorted_median: 0.002728628122281643
mse_out_median: [0.0007641845582924036, 0.0013076274701154936, 0.0006847989354468028, 0.0009194242286156048, 0.0012237254472886399, 0.0005766172085628534, 0.001042936557389656, 0.0004781298887820373, 0.0012174012158736019, 0.0009991218833948377, 0.004872120482852134, 0.0035518101737868706, 0.00264450588258232, 0.004284211509713367, 0.002935057981908299, 0.002915072579284846, 0.0030402766259583175, 0.00667178029952846, 0.003922314620617063, 0.003258714210712499]
Mean mse_out_median: 0.002365491588035305
Median: mse_out_median: 0.001976066676348907
ssim_distorted_mean: [0.9861752511006754, 0.9788853954611887, 0.9883122399755625, 0.9839358163080324, 0.9853225978395761, 0.9925874175300234, 0.9846101432760019, 0.9913010903010033, 0.9816020209300522, 0.9835562973924069, 0.9544221162572444, 0.9625561389961456, 0.9684561416821803, 0.9638999072595662, 0.9611788453044855, 0.9617219107319804, 0.9721673404623774, 0.9388444672956061, 0.9585446432573075, 0.9633866690219779]
Mean ssim_distorted_mean: 0.9730733225191699
Median: ssim_distorted_mean: 0.975526367961783
ssim_out_mean: [0.9903221762526278, 0.9857903527939946, 0.9916879019864379, 0.990237483126372, 0.9886408032636286, 0.9949967727177128, 0.9883693749066401, 0.9937472106020463, 0.9872677290135925, 0.9882333300695872, 0.9641965435646305, 0.9724212951450657, 0.9799919761659592, 0.9653353697293555, 0.9761275692473218, 0.9753861862632894, 0.9786654928032513, 0.9555270019908237, 0.9698334732953959, 0.9775261950190088]
Mean ssim_out_mean: 0.9807152118978371
Median: ssim_out_mean: 0.9828911644799769
ssim_distorted_median: [0.9861378733237339, 0.9784159176253597, 0.9883001053927398, 0.9839466953986206, 0.9853283419750524, 0.9925887965013875, 0.9846083049021439, 0.9913037907459881, 0.981629785000973, 0.98355871497607, 0.9542694221609556, 0.9622032144986561, 0.9685669263451295, 0.9635564618482432, 0.9611870127608859, 0.9616272557559825, 0.9723830480876989, 0.9387304352843291, 0.9583982488883824, 0.963145147560499]
Mean ssim_distorted_median: 0.9729942749516415
Median: ssim_distorted_median: 0.9753994828565293
ssim_out_median: [0.9903454003166599, 0.9855679603636518, 0.9916854724907271, 0.9902284446262611, 0.9886740437658078, 0.994999567584786, 0.9883653325951861, 0.9937436808946337, 0.9872694445804999, 0.9882701061259812, 0.9640963384326577, 0.9722445066868349, 0.9800282104951651, 0.9650979070495007, 0.9761236178574515, 0.9753952873648606, 0.9787397547437199, 0.9554951012801163, 0.9697535138716634, 0.977383094013169]
Mean ssim_out_median: 0.9806753392569668
Median: ssim_out_median: 0.9827980854294085
Mean compute time per sample in seconds: 6.891942135515017e-06
