

METRICS REPORT

correlation_distorted_mean: [0.9387477789810645, 0.8999125358484645, 0.9414120627787277, 0.9126218254825632, 0.9375301070603114, 0.9534732223500733, 0.9513252366033107, 0.956406270528608, 0.9284557137791475, 0.9358443975892673, 0.8145218266155264, 0.8346685009838585, 0.8574432300781374, 0.8643961871745358, 0.8294397140906545, 0.8255223414858198, 0.8738035336562693, 0.7835565954349402, 0.8589783640484127, 0.833710181533624]
Mean correlation_distorted_mean: 0.8865884813051659
Median: correlation_distorted_mean: 0.8868580347523669
correlation_out_mean: [0.9802790038891397, 0.9449484472843425, 0.9773905051347508, 0.9614642277057016, 0.9730775634393632, 0.9812341652807293, 0.9837445571531881, 0.9858503763565978, 0.9725990454994097, 0.9771481955147676, 0.8826716005363577, 0.9148607495015267, 0.9318467512533753, 0.8983496357507922, 0.9260598755931504, 0.8972118017924766, 0.9281344149384053, 0.8865418971081762, 0.9206333513949055, 0.9376432838381253]
Mean correlation_out_mean: 0.943084472448264
Median: correlation_out_mean: 0.9412958655612339
correlation_distorted_median: [0.9952576170616543, 0.9873834468671504, 0.9956792438782517, 0.9925129116982715, 0.9977397839984126, 0.9964195358447299, 0.9957289373494135, 0.9965723935260998, 0.9940677056551476, 0.9959377085629735, 0.9688611928014312, 0.9682287744406558, 0.9791313319125383, 0.9811649139042234, 0.963442034481546, 0.9689720292972158, 0.9788743512744775, 0.949270375555384, 0.9826186420017495, 0.9631461577994752]
Mean correlation_distorted_median: 0.98255045439554
Median: correlation_distorted_median: 0.9850010444344499
correlation_out_median: [0.9979620992397862, 0.9928823385342764, 0.9986702263948412, 0.996584949772588, 0.9977398560928072, 0.9983779712551253, 0.9983586159562352, 0.9985947735645486, 0.9978597142972313, 0.9986436010548425, 0.9836838160384105, 0.9845433516354138, 0.9904604822168857, 0.9787195703385353, 0.9876922738584692, 0.9872617375866908, 0.9842836311140601, 0.9796719525557356, 0.9889456426745841, 0.991130167143319]
Mean correlation_out_median: 0.9916033385662193
Median: correlation_out_median: 0.9920062528387977
mse_distorted_mean: [0.0010580720919079563, 0.0018428186413873412, 0.000939538053135125, 0.0014018830728278137, 0.0016073598835527469, 0.0006983548334477816, 0.0012901438695844898, 0.0006290198601661755, 0.0016807646312810784, 0.001324073668668675, 0.0057932559836886355, 0.0043942136540336225, 0.003996113211868598, 0.004767870393975397, 0.004486142757578556, 0.004706195855687909, 0.0035262105204855506, 0.007877629707409151, 0.005282305516488193, 0.004844964066737272]
Mean mse_distorted_mean: 0.003107346513695603
Median: mse_distorted_mean: 0.002684514580936446
mse_out_mean: [0.0007109802761165292, 0.001386732735366655, 0.0006406411199699933, 0.0009828015234350973, 0.0012136234252739227, 0.0005460308272975826, 0.0010201789128565502, 0.00047485636896935063, 0.0011362101195344103, 0.0008910633994228049, 0.00463887661236227, 0.003346797900848143, 0.0031282204739147192, 0.003975850248801886, 0.0025776530115969145, 0.0033896775611696106, 0.002803428981688909, 0.00625355090201362, 0.00361008200805637, 0.0026340137913946006]
Mean mse_out_mean: 0.002268063510004497
Median: mse_out_mean: 0.001982192873481785
mse_distorted_median: [0.0010684465479701033, 0.001965643110793223, 0.000950041578125351, 0.001421355028807715, 0.0016051998034971517, 0.0007040257124596321, 0.0012798040276878644, 0.000629241849595757, 0.0016765059700443218, 0.001326690874185393, 0.005859115896057609, 0.004463072253126391, 0.003958356874528837, 0.00480977165521352, 0.004438169075254772, 0.004740662934727505, 0.003491613133770063, 0.007896296992751984, 0.0053576554134021565, 0.004847182578994292]
Mean mse_distorted_median: 0.0031244425655496816
Median: mse_distorted_median: 0.002728628122281643
mse_out_median: [0.000713264661166436, 0.0014666794290781966, 0.0006445451273198282, 0.0009943489450077994, 0.001212289330529997, 0.0005502888062027262, 0.001003241616620302, 0.00047474374602819025, 0.0011343623062761389, 0.0008930397968711177, 0.004688378593695567, 0.003382797657648441, 0.0031102969983013906, 0.00400027975373602, 0.002548349119158419, 0.003403921341548404, 0.002794755543772203, 0.006267635373297202, 0.003666105127728899, 0.0026402087393388963]
Mean mse_out_median: 0.0022794766006663083
Median: mse_out_median: 0.0020075142741183077
ssim_distorted_mean: [0.9861752511006754, 0.9788853954611887, 0.9883122399755625, 0.9839358163080324, 0.9853225978395761, 0.9925874175300234, 0.9846101432760019, 0.9913010903010033, 0.9816020209300522, 0.9835562973924069, 0.9544221162572444, 0.9625561389961456, 0.9684561416821803, 0.9638999072595662, 0.9611788453044855, 0.9617219107319804, 0.9721673404623774, 0.9388444672956061, 0.9585446432573075, 0.9633866690219779]
Mean ssim_distorted_mean: 0.9730733225191699
Median: ssim_distorted_mean: 0.975526367961783
ssim_out_mean: [0.990862008978924, 0.9842764420576967, 0.9919750382534496, 0.9894424272496742, 0.9888982536633677, 0.9950730459145465, 0.9886729189720711, 0.9938432753678467, 0.9879116528468891, 0.9888975254071856, 0.965877037759698, 0.973332420928594, 0.9787502928960157, 0.9681057554823222, 0.9780986521193797, 0.9705880285782869, 0.9796483071533939, 0.9569742175811414, 0.9718830368864869, 0.9809553565717202]
Mean ssim_out_mean: 0.9812032847334345
Median: ssim_out_mean: 0.9826158993147085
ssim_distorted_median: [0.9861378733237339, 0.9784159176253597, 0.9883001053927398, 0.9839466953986206, 0.9853283419750524, 0.9925887965013875, 0.9846083049021439, 0.9913037907459881, 0.981629785000973, 0.98355871497607, 0.9542694221609556, 0.9622032144986561, 0.9685669263451295, 0.9635564618482432, 0.9611870127608859, 0.9616272557559825, 0.9723830480876989, 0.9387304352843291, 0.9583982488883824, 0.963145147560499]
Mean ssim_distorted_median: 0.9729942749516415
Median: ssim_distorted_median: 0.9753994828565293
ssim_out_median: [0.9908861906638124, 0.9840654727796305, 0.9919671122110975, 0.9894329344887374, 0.9889277648020132, 0.9950803437962419, 0.9886545241364375, 0.9938421023552144, 0.9879169589660151, 0.9889376334358462, 0.9657833765787395, 0.9731804166147497, 0.9787883059377391, 0.9678788474130967, 0.9781104830255457, 0.9705677635079275, 0.9797183227168411, 0.9569307189916283, 0.9718382635470708, 0.9808197950741675]
Mean ssim_out_median: 0.9811663665521276
Median: ssim_out_median: 0.982442633926899
Mean compute time per sample in seconds: 5.214801122791247e-06
