

METRICS REPORT

correlation_distorted_mean: [0.9387477789810645, 0.8999125358484645, 0.9414120627787277, 0.9126218254825632, 0.9375301070603114, 0.9534732223500733, 0.9513252366033107, 0.956406270528608, 0.9284557137791475, 0.9358443975892673, 0.8145218266155264, 0.8346685009838585, 0.8574432300781374, 0.8643961871745358, 0.8294397140906545, 0.8255223414858198, 0.8738035336562693, 0.7835565954349402, 0.8589783640484127, 0.833710181533624]
Mean correlation_distorted_mean: 0.8865884813051659
Median: correlation_distorted_mean: 0.8868580347523669
correlation_out_mean: [0.9803986966629266, 0.9500433452414032, 0.9786011402604309, 0.9663789214618167, 0.9720783033555643, 0.9828937375593871, 0.9843779586232004, 0.9878522282062848, 0.9691380823816209, 0.9781978493046923, 0.8779385781449599, 0.8955625402506338, 0.9303499401581905, 0.8814778079741542, 0.9230598285505793, 0.88550721947391, 0.9152155221247096, 0.8901675540614821, 0.9098911378097491, 0.9244762615894365]
Mean correlation_out_mean: 0.9391803326597566
Median: correlation_out_mean: 0.9401966426997969
correlation_distorted_median: [0.9952576170616543, 0.9873834468671504, 0.9956792438782517, 0.9925129116982715, 0.9977397839984126, 0.9964195358447299, 0.9957289373494135, 0.9965723935260998, 0.9940677056551476, 0.9959377085629735, 0.9688611928014312, 0.9682287744406558, 0.9791313319125383, 0.9811649139042234, 0.963442034481546, 0.9689720292972158, 0.9788743512744775, 0.949270375555384, 0.9826186420017495, 0.9631461577994752]
Mean correlation_distorted_median: 0.98255045439554
Median: correlation_distorted_median: 0.9850010444344499
correlation_out_median: [0.9979294665698726, 0.9937789182023831, 0.9983468512157108, 0.9966343163189939, 0.996917271436483, 0.9987543928726561, 0.9982893450522631, 0.9984754380466193, 0.9969982959273662, 0.9985496985230069, 0.9791370589476447, 0.978755051760543, 0.9916115950364375, 0.9736348649723856, 0.9873484829734839, 0.9816945474401237, 0.9797072962095719, 0.9783268050890678, 0.9843900877812944, 0.9875200489065453]
Mean correlation_out_median: 0.9898399916641226
Median: correlation_out_median: 0.9926952566194103
mse_distorted_mean: [0.0010580720919079563, 0.0018428186413873412, 0.000939538053135125, 0.0014018830728278137, 0.0016073598835527469, 0.0006983548334477816, 0.0012901438695844898, 0.0006290198601661755, 0.0016807646312810784, 0.001324073668668675, 0.0057932559836886355, 0.0043942136540336225, 0.003996113211868598, 0.004767870393975397, 0.004486142757578556, 0.004706195855687909, 0.0035262105204855506, 0.007877629707409151, 0.005282305516488193, 0.004844964066737272]
Mean mse_distorted_mean: 0.003107346513695603
Median: mse_distorted_mean: 0.002684514580936446
mse_out_mean: [0.0007556679624518095, 0.0012893355470436475, 0.0006153508392610463, 0.0008567097790051766, 0.0013138798808157127, 0.0005057486120287136, 0.0010600377542409611, 0.0004461762849205017, 0.0012447470421297984, 0.0009100450591352701, 0.004974575710815503, 0.003912878988016352, 0.0027072736127602237, 0.004551166877130514, 0.0025688840125749593, 0.0036466226686488515, 0.0031379302585744584, 0.006234184711055115, 0.003798590765451823, 0.003137267535477251]
Mean mse_out_mean: 0.0023833536950768845
Median: mse_out_mean: 0.0019413819466953361
mse_distorted_median: [0.0010684465479701033, 0.001965643110793223, 0.000950041578125351, 0.001421355028807715, 0.0016051998034971517, 0.0007040257124596321, 0.0012798040276878644, 0.000629241849595757, 0.0016765059700443218, 0.001326690874185393, 0.005859115896057609, 0.004463072253126391, 0.003958356874528837, 0.00480977165521352, 0.004438169075254772, 0.004740662934727505, 0.003491613133770063, 0.007896296992751984, 0.0053576554134021565, 0.004847182578994292]
Mean mse_distorted_median: 0.0031244425655496816
Median: mse_distorted_median: 0.002728628122281643
mse_out_median: [0.0007585041701145966, 0.0013651799762842767, 0.0006186855701479979, 0.0008669126735691226, 0.0013130443248004484, 0.0005100113392150943, 0.001045586677914924, 0.0004459245303994431, 0.0012431611264723448, 0.0009116050480263188, 0.005024309413831066, 0.003971222078853878, 0.0026953877375398604, 0.004571593467790527, 0.0025373864168415357, 0.0036609399956681115, 0.0031105067441539627, 0.006247034697735559, 0.003856826307746935, 0.0031427998829091103]
Mean mse_out_median: 0.0023948311090007555
Median: mse_out_median: 0.0019512831965629062
ssim_distorted_mean: [0.9861752511006754, 0.9788853954611887, 0.9883122399755625, 0.9839358163080324, 0.9853225978395761, 0.9925874175300234, 0.9846101432760019, 0.9913010903010033, 0.9816020209300522, 0.9835562973924069, 0.9544221162572444, 0.9625561389961456, 0.9684561416821803, 0.9638999072595662, 0.9611788453044855, 0.9617219107319804, 0.9721673404623774, 0.9388444672956061, 0.9585446432573075, 0.9633866690219779]
Mean ssim_distorted_mean: 0.9730733225191699
Median: ssim_distorted_mean: 0.975526367961783
ssim_out_mean: [0.9904582935055428, 0.9854267932776105, 0.992186244920439, 0.9905373134049936, 0.9882298193057266, 0.9953618687460218, 0.988283599590305, 0.9940768423301988, 0.9870481859271285, 0.9888466016021584, 0.9639157217987142, 0.9699525320961607, 0.9797513311458151, 0.9632391832165765, 0.9780317117762396, 0.9677467270659309, 0.9761813362546183, 0.9572325798449987, 0.9698224794997828, 0.9783945349862382]
Mean ssim_out_mean: 0.9802361850147602
Median: ssim_out_mean: 0.9825890622117128
ssim_distorted_median: [0.9861378733237339, 0.9784159176253597, 0.9883001053927398, 0.9839466953986206, 0.9853283419750524, 0.9925887965013875, 0.9846083049021439, 0.9913037907459881, 0.981629785000973, 0.98355871497607, 0.9542694221609556, 0.9622032144986561, 0.9685669263451295, 0.9635564618482432, 0.9611870127608859, 0.9616272557559825, 0.9723830480876989, 0.9387304352843291, 0.9583982488883824, 0.963145147560499]
Mean ssim_distorted_median: 0.9729942749516415
Median: ssim_distorted_median: 0.9753994828565293
ssim_out_median: [0.9904761617444712, 0.9852381964318235, 0.9921803430069668, 0.9905281783363364, 0.9882598758815029, 0.9953666842798916, 0.988276726741727, 0.9940781308159448, 0.9870600642964552, 0.9888837863633209, 0.9638196349483273, 0.9697520304133087, 0.9797791245325314, 0.963023656842217, 0.9780510350114875, 0.9677194574060696, 0.9763005947357045, 0.9571970892173487, 0.9697349848107196, 0.9782338987396308]
Mean ssim_out_median: 0.9801979827277894
Median: ssim_out_median: 0.9825086604821774
Mean compute time per sample in seconds: 5.843465830799429e-06
