

METRICS REPORT

correlation_distorted_mean: [0.9387477789810645, 0.8999125358484645, 0.9414120627787277, 0.9126218254825632, 0.9375301070603114, 0.9534732223500733, 0.9513252366033107, 0.956406270528608, 0.9284557137791475, 0.9358443975892673, 0.8145218266155264, 0.8346685009838585, 0.8574432300781374, 0.8643961871745358, 0.8294397140906545, 0.8255223414858198, 0.8738035336562693, 0.7835565954349402, 0.8589783640484127, 0.833710181533624]
Mean correlation_distorted_mean: 0.8865884813051659
Median: correlation_distorted_mean: 0.8868580347523669
correlation_out_mean: [0.9800869111066203, 0.9469986058625817, 0.9777734208529205, 0.9654599448098891, 0.9751243471268286, 0.9812461233828825, 0.9856414821224969, 0.987579395379301, 0.9722130298571432, 0.9765062871736646, 0.8744389335214902, 0.9062034616134599, 0.9301871274241027, 0.8976355781516258, 0.924663993086581, 0.8950172565917726, 0.9380469145978393, 0.8865937625743048, 0.9286449360782896, 0.9338770864111703]
Mean correlation_out_mean: 0.9431969298862481
Median: correlation_out_mean: 0.9425227602302104
correlation_distorted_median: [0.9952576170616543, 0.9873834468671504, 0.9956792438782517, 0.9925129116982715, 0.9977397839984126, 0.9964195358447299, 0.9957289373494135, 0.9965723935260998, 0.9940677056551476, 0.9959377085629735, 0.9688611928014312, 0.9682287744406558, 0.9791313319125383, 0.9811649139042234, 0.963442034481546, 0.9689720292972158, 0.9788743512744775, 0.949270375555384, 0.9826186420017495, 0.9631461577994752]
Mean correlation_distorted_median: 0.98255045439554
Median: correlation_distorted_median: 0.9850010444344499
correlation_out_median: [0.9980114719442756, 0.9930267959192361, 0.9986404008960826, 0.997182646812353, 0.9977192449506125, 0.9984072414138372, 0.9986611035672461, 0.9986918120395119, 0.9977702731039668, 0.9989026625045487, 0.9817588794514417, 0.9786401276623082, 0.9876522687801356, 0.9762887074832558, 0.9877410310418533, 0.9821593171153242, 0.9875421783752849, 0.9757175029057309, 0.9909716453421409, 0.990416200975398]
Mean correlation_out_median: 0.9907950756142274
Median: correlation_out_median: 0.9919992206306885
mse_distorted_mean: [0.0010580720919079563, 0.0018428186413873412, 0.000939538053135125, 0.0014018830728278137, 0.0016073598835527469, 0.0006983548334477816, 0.0012901438695844898, 0.0006290198601661755, 0.0016807646312810784, 0.001324073668668675, 0.0057932559836886355, 0.0043942136540336225, 0.003996113211868598, 0.004767870393975397, 0.004486142757578556, 0.004706195855687909, 0.0035262105204855506, 0.007877629707409151, 0.005282305516488193, 0.004844964066737272]
Mean mse_distorted_mean: 0.003107346513695603
Median: mse_distorted_mean: 0.002684514580936446
mse_out_mean: [0.0006899585303329162, 0.0013495676155688455, 0.0006258827373278695, 0.0008208791951570045, 0.0011173875501901305, 0.0005573094442188899, 0.0010091222939319082, 0.0004129280170787845, 0.0011521497555662553, 0.000902111519045126, 0.004849374365769674, 0.0035114004143420603, 0.0031229089732431646, 0.004248847834303987, 0.0027687539892340633, 0.0036134739676705555, 0.003017083946546342, 0.006424625739087485, 0.003562413646816574, 0.0030547756160033985]
Mean mse_out_mean: 0.0023405477575717515
Median: mse_out_mean: 0.0020591608024014543
mse_distorted_median: [0.0010684465479701033, 0.001965643110793223, 0.000950041578125351, 0.001421355028807715, 0.0016051998034971517, 0.0007040257124596321, 0.0012798040276878644, 0.000629241849595757, 0.0016765059700443218, 0.001326690874185393, 0.005859115896057609, 0.004463072253126391, 0.003958356874528837, 0.00480977165521352, 0.004438169075254772, 0.004740662934727505, 0.003491613133770063, 0.007896296992751984, 0.0053576554134021565, 0.004847182578994292]
Mean mse_distorted_median: 0.0031244425655496816
Median: mse_distorted_median: 0.002728628122281643
mse_out_median: [0.00069055123066725, 0.0014292889659550353, 0.0006296989420628055, 0.0008309131913276392, 0.0011160630332512946, 0.0005617345116067223, 0.0009920944146992999, 0.0004128579858902264, 0.0011507568901670988, 0.000903997803439039, 0.004896730683564957, 0.003556273792332134, 0.0031084187689395465, 0.004273551619042387, 0.00273816801767155, 0.0036280384308722217, 0.0030050661385691993, 0.006442210964443296, 0.0036178756567961986, 0.0030543646212681072]
Mean mse_out_median: 0.0023519327831283
Median: mse_out_median: 0.0020837284918132928
ssim_distorted_mean: [0.9861752511006754, 0.9788853954611887, 0.9883122399755625, 0.9839358163080324, 0.9853225978395761, 0.9925874175300234, 0.9846101432760019, 0.9913010903010033, 0.9816020209300522, 0.9835562973924069, 0.9544221162572444, 0.9625561389961456, 0.9684561416821803, 0.9638999072595662, 0.9611788453044855, 0.9617219107319804, 0.9721673404623774, 0.9388444672956061, 0.9585446432573075, 0.9633866690219779]
Mean ssim_distorted_mean: 0.9730733225191699
Median: ssim_distorted_mean: 0.975526367961783
ssim_out_mean: [0.9909221159705481, 0.9848711041352601, 0.9920649815831795, 0.9903721498384459, 0.9892418888445639, 0.9949769365242743, 0.9888266741967126, 0.9943529210309443, 0.9877115746978181, 0.9887751566278494, 0.9643749128652038, 0.9718655751424513, 0.9784975766857468, 0.9658760788094684, 0.9772462012656632, 0.9698649665418602, 0.9791115084286502, 0.9565464385919109, 0.9723971381084808, 0.9790260166318789]
Mean ssim_out_mean: 0.9808460958260454
Median: ssim_out_mean: 0.9819913062819552
ssim_distorted_median: [0.9861378733237339, 0.9784159176253597, 0.9883001053927398, 0.9839466953986206, 0.9853283419750524, 0.9925887965013875, 0.9846083049021439, 0.9913037907459881, 0.981629785000973, 0.98355871497607, 0.9542694221609556, 0.9622032144986561, 0.9685669263451295, 0.9635564618482432, 0.9611870127608859, 0.9616272557559825, 0.9723830480876989, 0.9387304352843291, 0.9583982488883824, 0.963145147560499]
Mean ssim_distorted_median: 0.9729942749516415
Median: ssim_distorted_median: 0.9753994828565293
ssim_out_median: [0.9909459470118125, 0.9846771956363556, 0.9920585950072731, 0.9903632305995681, 0.98927244305549, 0.9949830614497501, 0.9888108746515856, 0.9943535571556844, 0.9877155911871875, 0.9888100770718073, 0.9642834903168739, 0.9716962436129462, 0.9785443109905632, 0.9656468509481149, 0.9772541086931876, 0.9698631008592329, 0.9791806636883439, 0.9565010326335501, 0.9723761906311909, 0.9788701416850002]
Mean ssim_out_median: 0.9808103353442759
Median: ssim_out_median: 0.9819289296623497
Mean compute time per sample in seconds: 5.866685099509711e-06
