

METRICS REPORT

correlation_distorted_mean: [0.9387477789810645, 0.8999125358484645, 0.9414120627787277, 0.9126218254825632, 0.9375301070603114, 0.9534732223500733, 0.9513252366033107, 0.956406270528608, 0.9284557137791475, 0.9358443975892673, 0.8145218266155264, 0.8346685009838585, 0.8574432300781374, 0.8643961871745358, 0.8294397140906545, 0.8255223414858198, 0.8738035336562693, 0.7835565954349402, 0.8589783640484127, 0.833710181533624]
Mean correlation_distorted_mean: 0.8865884813051659
Median: correlation_distorted_mean: 0.8868580347523669
correlation_out_mean: [0.9816602405965418, 0.9474306825270197, 0.9799599228984861, 0.969512523046345, 0.9772771224944123, 0.9826010254993953, 0.9847656150629605, 0.9885958845255041, 0.9715562217639668, 0.9768319283661265, 0.8548858613877992, 0.9002661251098484, 0.9148821297078605, 0.8621289893418038, 0.918823708165958, 0.8990007982231152, 0.9088434232069617, 0.8870780645218153, 0.9061227550504238, 0.9171729155631873]
Mean correlation_out_mean: 0.9364697968529766
Median: correlation_out_mean: 0.9331271953464888
correlation_distorted_median: [0.9952576170616543, 0.9873834468671504, 0.9956792438782517, 0.9925129116982715, 0.9977397839984126, 0.9964195358447299, 0.9957289373494135, 0.9965723935260998, 0.9940677056551476, 0.9959377085629735, 0.9688611928014312, 0.9682287744406558, 0.9791313319125383, 0.9811649139042234, 0.963442034481546, 0.9689720292972158, 0.9788743512744775, 0.949270375555384, 0.9826186420017495, 0.9631461577994752]
Mean correlation_distorted_median: 0.98255045439554
Median: correlation_distorted_median: 0.9850010444344499
correlation_out_median: [0.9981680330289592, 0.9937459241476881, 0.9984036982888593, 0.9972023081994548, 0.9965763707943731, 0.9987044548853893, 0.9982335751606948, 0.998866284675055, 0.9973519057372255, 0.9980408022335552, 0.9626444921428423, 0.9768355749538515, 0.9847005309585811, 0.9607111293745183, 0.983421954827065, 0.9840111412402729, 0.9782186706652686, 0.9811317504264243, 0.9812429812584071, 0.9837531906314887]
Mean correlation_out_median: 0.9875982386814988
Median: correlation_out_median: 0.9892232275531346
mse_distorted_mean: [0.0010580720919079563, 0.0018428186413873412, 0.000939538053135125, 0.0014018830728278137, 0.0016073598835527469, 0.0006983548334477816, 0.0012901438695844898, 0.0006290198601661755, 0.0016807646312810784, 0.001324073668668675, 0.0057932559836886355, 0.0043942136540336225, 0.003996113211868598, 0.004767870393975397, 0.004486142757578556, 0.004706195855687909, 0.0035262105204855506, 0.007877629707409151, 0.005282305516488193, 0.004844964066737272]
Mean mse_distorted_mean: 0.003107346513695603
Median: mse_distorted_mean: 0.002684514580936446
mse_out_mean: [0.0007216748662495703, 0.0013360494615539664, 0.0006033589484806053, 0.0008319602876800333, 0.0012148024550472473, 0.0004980119363143903, 0.0010375610666374417, 0.0004357411988266324, 0.001152542929711301, 0.001003004073883735, 0.005595306452652094, 0.003588098318192102, 0.003342502613677219, 0.005139490684045226, 0.002833141338650646, 0.003201065520416908, 0.0036497236613013246, 0.006922518321950577, 0.004201730496795242, 0.003593465403788013]
Mean mse_out_mean: 0.002545087501792714
Median: mse_out_mean: 0.002084595400102306
mse_distorted_median: [0.0010684465479701033, 0.001965643110793223, 0.000950041578125351, 0.001421355028807715, 0.0016051998034971517, 0.0007040257124596321, 0.0012798040276878644, 0.000629241849595757, 0.0016765059700443218, 0.001326690874185393, 0.005859115896057609, 0.004463072253126391, 0.003958356874528837, 0.00480977165521352, 0.004438169075254772, 0.004740662934727505, 0.003491613133770063, 0.007896296992751984, 0.0053576554134021565, 0.004847182578994292]
Mean mse_distorted_median: 0.0031244425655496816
Median: mse_distorted_median: 0.002728628122281643
mse_out_median: [0.0007231806024543357, 0.0014165591975050596, 0.0006075120535975339, 0.0008415646807215518, 0.0012139823163753974, 0.0005018533185894739, 0.0010189792608761754, 0.0004359375961062625, 0.0011512583784915548, 0.001005186132101237, 0.005659919660415487, 0.0036408099549485456, 0.003313848732736277, 0.0051728366356132635, 0.00280388581524362, 0.003213591149441454, 0.0036398368885770197, 0.006941973207627839, 0.0042713200555357595, 0.003600795527230881]
Mean mse_out_median: 0.002558741558209436
Median: mse_out_median: 0.0021102225063743397
ssim_distorted_mean: [0.9861752511006754, 0.9788853954611887, 0.9883122399755625, 0.9839358163080324, 0.9853225978395761, 0.9925874175300234, 0.9846101432760019, 0.9913010903010033, 0.9816020209300522, 0.9835562973924069, 0.9544221162572444, 0.9625561389961456, 0.9684561416821803, 0.9638999072595662, 0.9611788453044855, 0.9617219107319804, 0.9721673404623774, 0.9388444672956061, 0.9585446432573075, 0.9633866690219779]
Mean ssim_distorted_mean: 0.9730733225191699
Median: ssim_distorted_mean: 0.975526367961783
ssim_out_mean: [0.9906029972136069, 0.9853760031393316, 0.9922878105684212, 0.9906134764402793, 0.9886151699002104, 0.9953380192713005, 0.9886284065070542, 0.994251428027421, 0.9876704184905448, 0.9880365963816956, 0.958463039873818, 0.9712416015237084, 0.9759279720798777, 0.9570028166028242, 0.9763212032114803, 0.9718534572823212, 0.9737114943444936, 0.9547117013609343, 0.9668348357204455, 0.9743996826400245]
Mean ssim_out_mean: 0.9790944065289896
Median: ssim_out_mean: 0.980848603175406
ssim_distorted_median: [0.9861378733237339, 0.9784159176253597, 0.9883001053927398, 0.9839466953986206, 0.9853283419750524, 0.9925887965013875, 0.9846083049021439, 0.9913037907459881, 0.981629785000973, 0.98355871497607, 0.9542694221609556, 0.9622032144986561, 0.9685669263451295, 0.9635564618482432, 0.9611870127608859, 0.9616272557559825, 0.9723830480876989, 0.9387304352843291, 0.9583982488883824, 0.963145147560499]
Mean ssim_distorted_median: 0.9729942749516415
Median: ssim_distorted_median: 0.9753994828565293
ssim_out_median: [0.9906229864501598, 0.9851652932136514, 0.9922844710614775, 0.990608385211587, 0.9886494693636854, 0.9953435920400342, 0.9886153159428366, 0.9942501430475488, 0.9876755977658546, 0.9880713862519568, 0.958319309121247, 0.9710193358174133, 0.9759801054358324, 0.9567015553658762, 0.9763356357219095, 0.9718365512986031, 0.9738182672052151, 0.9546628014548584, 0.9667419658898709, 0.9742189819362016]
Mean ssim_out_median: 0.9790460574797908
Median: ssim_out_median: 0.9807504644677805
Mean compute time per sample in seconds: 4.950125520912383e-06
