

METRICS REPORT

correlation_distorted_mean: [0.9387477789810645, 0.8999125358484645, 0.9414120627787277, 0.9126218254825632, 0.9375301070603114, 0.9534732223500733, 0.9513252366033107, 0.956406270528608, 0.9284557137791475, 0.9358443975892673, 0.8145218266155264, 0.8346685009838585, 0.8574432300781374, 0.8643961871745358, 0.8294397140906545, 0.8255223414858198, 0.8738035336562693, 0.7835565954349402, 0.8589783640484127, 0.833710181533624]
Mean correlation_distorted_mean: 0.8865884813051659
Median: correlation_distorted_mean: 0.8868580347523669
correlation_out_mean: [0.9824731886560707, 0.9494353859120015, 0.9805968888941415, 0.9696273549911719, 0.9790951301570184, 0.9820904035750166, 0.9859366113727409, 0.9869240286436506, 0.9745484733721804, 0.9787282693164259, 0.884067808330089, 0.9092869900075246, 0.9303879751086378, 0.8873774153456438, 0.9260486886712206, 0.9094710248570705, 0.9370523763093802, 0.8830392109142221, 0.9255303285665949, 0.9290463959320131]
Mean correlation_out_mean: 0.9445381974466407
Median: correlation_out_mean: 0.9432438811106909
correlation_distorted_median: [0.9952576170616543, 0.9873834468671504, 0.9956792438782517, 0.9925129116982715, 0.9977397839984126, 0.9964195358447299, 0.9957289373494135, 0.9965723935260998, 0.9940677056551476, 0.9959377085629735, 0.9688611928014312, 0.9682287744406558, 0.9791313319125383, 0.9811649139042234, 0.963442034481546, 0.9689720292972158, 0.9788743512744775, 0.949270375555384, 0.9826186420017495, 0.9631461577994752]
Mean correlation_distorted_median: 0.98255045439554
Median: correlation_distorted_median: 0.9850010444344499
correlation_out_median: [0.9983206543531995, 0.9940362468847755, 0.9982243123791065, 0.9970175489443914, 0.9972283994286665, 0.9985686892933412, 0.9984420164064911, 0.9983197101559492, 0.9976405592635635, 0.9986274984564022, 0.9811991099459805, 0.9805710042819735, 0.9893432845156911, 0.9755016369267517, 0.9865013352519995, 0.9866819497378985, 0.9886613692111718, 0.9772614493400233, 0.9893648569406296, 0.9872435179388361]
Mean correlation_out_median: 0.9909377574828421
Median: correlation_out_median: 0.9917005519127026
mse_distorted_mean: [0.0010580720919079563, 0.0018428186413873412, 0.000939538053135125, 0.0014018830728278137, 0.0016073598835527469, 0.0006983548334477816, 0.0012901438695844898, 0.0006290198601661755, 0.0016807646312810784, 0.001324073668668675, 0.0057932559836886355, 0.0043942136540336225, 0.003996113211868598, 0.004767870393975397, 0.004486142757578556, 0.004706195855687909, 0.0035262105204855506, 0.007877629707409151, 0.005282305516488193, 0.004844964066737272]
Mean mse_distorted_mean: 0.003107346513695603
Median: mse_distorted_mean: 0.002684514580936446
mse_out_mean: [0.0007596182352049679, 0.001336922446266536, 0.0006528546173497088, 0.0008940943422232724, 0.0011990204521150761, 0.0005570014169038976, 0.0010136958873516392, 0.0004663941326372874, 0.00114000127962953, 0.0009241271640558872, 0.004796906799060381, 0.0037059713150797645, 0.002876463775601515, 0.004300534135561692, 0.0027043037662028077, 0.0030323487178856774, 0.0029308541271860023, 0.007256968286903624, 0.003986581245328339, 0.0032256609887904566]
Mean mse_out_mean: 0.002388016156566903
Median: mse_out_mean: 0.0020206131062346718
mse_distorted_median: [0.0010684465479701033, 0.001965643110793223, 0.000950041578125351, 0.001421355028807715, 0.0016051998034971517, 0.0007040257124596321, 0.0012798040276878644, 0.000629241849595757, 0.0016765059700443218, 0.001326690874185393, 0.005859115896057609, 0.004463072253126391, 0.003958356874528837, 0.00480977165521352, 0.004438169075254772, 0.004740662934727505, 0.003491613133770063, 0.007896296992751984, 0.0053576554134021565, 0.004847182578994292]
Mean mse_distorted_median: 0.0031244425655496816
Median: mse_distorted_median: 0.002728628122281643
mse_out_median: [0.0007619201092187403, 0.001414821170193818, 0.0006563329141290335, 0.0009053074808610828, 0.0011969475655865766, 0.0005620180573422517, 0.000997730318603652, 0.00046628400927686885, 0.0011384748599738061, 0.0009252805853432271, 0.004847516744485369, 0.0037473101179548688, 0.0028598615016054776, 0.004326828448597902, 0.002676904431750128, 0.003043356895490437, 0.0029121981498248907, 0.007280578677534122, 0.0040452005777790855, 0.003230194691983949]
Mean mse_out_median: 0.0023997533653767646
Median: mse_out_median: 0.002045862800971973
ssim_distorted_mean: [0.9861752511006754, 0.9788853954611887, 0.9883122399755625, 0.9839358163080324, 0.9853225978395761, 0.9925874175300234, 0.9846101432760019, 0.9913010903010033, 0.9816020209300522, 0.9835562973924069, 0.9544221162572444, 0.9625561389961456, 0.9684561416821803, 0.9638999072595662, 0.9611788453044855, 0.9617219107319804, 0.9721673404623774, 0.9388444672956061, 0.9585446432573075, 0.9633866690219779]
Mean ssim_distorted_mean: 0.9730733225191699
Median: ssim_distorted_mean: 0.975526367961783
ssim_out_mean: [0.990444158555226, 0.9850823067876748, 0.9919285264208018, 0.990129955375381, 0.9887916229791404, 0.9950028585961521, 0.988733102617662, 0.9938950095886018, 0.987816950948617, 0.9886149321201583, 0.9648656887462148, 0.970754612739212, 0.9792371923548574, 0.9648266764113529, 0.976979010336874, 0.9741236596289754, 0.9794212359870577, 0.9539323314920983, 0.9706611386311771, 0.9770048482235896]
Mean ssim_out_mean: 0.9806122909270412
Median: ssim_out_mean: 0.9822517713873662
ssim_distorted_median: [0.9861378733237339, 0.9784159176253597, 0.9883001053927398, 0.9839466953986206, 0.9853283419750524, 0.9925887965013875, 0.9846083049021439, 0.9913037907459881, 0.981629785000973, 0.98355871497607, 0.9542694221609556, 0.9622032144986561, 0.9685669263451295, 0.9635564618482432, 0.9611870127608859, 0.9616272557559825, 0.9723830480876989, 0.9387304352843291, 0.9583982488883824, 0.963145147560499]
Mean ssim_distorted_median: 0.9729942749516415
Median: ssim_distorted_median: 0.9753994828565293
ssim_out_median: [0.9904699007379343, 0.9848872526871257, 0.991926017238598, 0.9901222535528135, 0.9888267886248239, 0.9950075883139834, 0.9887180022194106, 0.9938954340315626, 0.9878152376614406, 0.9886503971000652, 0.9647668506235357, 0.9705903728001704, 0.9792699459402263, 0.9645922713068495, 0.976985328304935, 0.9741077126212431, 0.9794833323931166, 0.953912354544534, 0.9706298542001994, 0.9768447889652645]
Mean ssim_out_median: 0.9805750841933918
Median: ssim_out_median: 0.9821852925401211
Mean compute time per sample in seconds: 4.102020677528271e-06
