

METRICS REPORT

correlation_distorted_mean: [0.9387477789810645, 0.8999125358484645, 0.9414120627787277, 0.9126218254825632, 0.9375301070603114, 0.9534732223500733, 0.9513252366033107, 0.956406270528608, 0.9284557137791475, 0.9358443975892673, 0.8145218266155264, 0.8346685009838585, 0.8574432300781374, 0.8643961871745358, 0.8294397140906545, 0.8255223414858198, 0.8738035336562693, 0.7835565954349402, 0.8589783640484127, 0.833710181533624]
Mean correlation_distorted_mean: 0.8865884813051659
Median: correlation_distorted_mean: 0.8868580347523669
correlation_out_mean: [0.9803825008132157, 0.9501960957208974, 0.9819058794082501, 0.9681082454299187, 0.976337004433398, 0.9810979057304284, 0.9845529636314237, 0.9903456073775188, 0.9706069278856319, 0.9759141866002032, 0.8673825755267914, 0.9096530751758113, 0.926933107683334, 0.8856788027811856, 0.9296258645247958, 0.9067900922382973, 0.9300852581159175, 0.8876498559583226, 0.9123210348883325, 0.9322290665710535]
Mean correlation_out_mean: 0.9423898025247365
Median: correlation_out_mean: 0.9412125811459755
correlation_distorted_median: [0.9952576170616543, 0.9873834468671504, 0.9956792438782517, 0.9925129116982715, 0.9977397839984126, 0.9964195358447299, 0.9957289373494135, 0.9965723935260998, 0.9940677056551476, 0.9959377085629735, 0.9688611928014312, 0.9682287744406558, 0.9791313319125383, 0.9811649139042234, 0.963442034481546, 0.9689720292972158, 0.9788743512744775, 0.949270375555384, 0.9826186420017495, 0.9631461577994752]
Mean correlation_distorted_median: 0.98255045439554
Median: correlation_distorted_median: 0.9850010444344499
correlation_out_median: [0.9981192432221856, 0.9939177489900434, 0.998601510786405, 0.9975602599396225, 0.9976115838514694, 0.9985937538527709, 0.9982814730503942, 0.9990447115679174, 0.9975816274251015, 0.998396173367904, 0.9752504590581864, 0.9785889907447891, 0.98919532973292, 0.9708997058583877, 0.9887937500475502, 0.9854431014242943, 0.9861378857549029, 0.9760279704490123, 0.9841793214611415, 0.9889006973417421]
Mean correlation_out_median: 0.9900562648963371
Median: correlation_out_median: 0.9915565393614817
mse_distorted_mean: [0.0010580720919079563, 0.0018428186413873412, 0.000939538053135125, 0.0014018830728278137, 0.0016073598835527469, 0.0006983548334477816, 0.0012901438695844898, 0.0006290198601661755, 0.0016807646312810784, 0.001324073668668675, 0.0057932559836886355, 0.0043942136540336225, 0.003996113211868598, 0.004767870393975397, 0.004486142757578556, 0.004706195855687909, 0.0035262105204855506, 0.007877629707409151, 0.005282305516488193, 0.004844964066737272]
Mean mse_distorted_mean: 0.003107346513695603
Median: mse_distorted_mean: 0.002684514580936446
mse_out_mean: [0.0007260357345132972, 0.0012049392876534997, 0.0005593845524717547, 0.0007372159607657321, 0.0011532299349249606, 0.0004988145351081332, 0.0010158996661254031, 0.0003855928688826986, 0.0011849899983411528, 0.0009256940363637697, 0.004736697852234081, 0.003438152279728046, 0.003031026727890564, 0.004475674769255994, 0.0027640713640129937, 0.0030771117782205154, 0.00299894123854811, 0.00630270280161074, 0.0037082302381058786, 0.0027830922498218555]
Mean mse_out_mean: 0.0022853748937289595
Median: mse_out_mean: 0.001984505325833247
mse_distorted_median: [0.0010684465479701033, 0.001965643110793223, 0.000950041578125351, 0.001421355028807715, 0.0016051998034971517, 0.0007040257124596321, 0.0012798040276878644, 0.000629241849595757, 0.0016765059700443218, 0.001326690874185393, 0.005859115896057609, 0.004463072253126391, 0.003958356874528837, 0.00480977165521352, 0.004438169075254772, 0.004740662934727505, 0.003491613133770063, 0.007896296992751984, 0.0053576554134021565, 0.004847182578994292]
Mean mse_distorted_median: 0.0031244425655496816
Median: mse_distorted_median: 0.002728628122281643
mse_out_median: [0.0007276710751032206, 0.0012759266945127884, 0.0005625781429452173, 0.0007467292276842534, 0.0011522777762018547, 0.0005030336790919748, 0.0010000174824808428, 0.00038547339165872287, 0.0011834863500674911, 0.0009281085339295223, 0.004785021083957312, 0.0034900110674765733, 0.0030098497979637825, 0.004500461341853796, 0.002737199334462624, 0.00309336278130442, 0.00298949001133433, 0.006317630549945244, 0.0037648293440222477, 0.002788138790594472]
Mean mse_out_median: 0.0022970648228295342
Median: mse_out_median: 0.002006563014487706
ssim_distorted_mean: [0.9861752511006754, 0.9788853954611887, 0.9883122399755625, 0.9839358163080324, 0.9853225978395761, 0.9925874175300234, 0.9846101432760019, 0.9913010903010033, 0.9816020209300522, 0.9835562973924069, 0.9544221162572444, 0.9625561389961456, 0.9684561416821803, 0.9638999072595662, 0.9611788453044855, 0.9617219107319804, 0.9721673404623774, 0.9388444672956061, 0.9585446432573075, 0.9633866690219779]
Mean ssim_distorted_mean: 0.9730733225191699
Median: ssim_distorted_mean: 0.975526367961783
ssim_out_mean: [0.9907144926962798, 0.9860839401560899, 0.9926726788163248, 0.9913843379854154, 0.9890562196300493, 0.9952294532055324, 0.9888200501932863, 0.9946112072355108, 0.9874207231211906, 0.9884848625700886, 0.9645916964012919, 0.9723010765540571, 0.9780949553697801, 0.9636019192697363, 0.9785411955482791, 0.9731045240082629, 0.9789041863141388, 0.9572904456376917, 0.9700584719769927, 0.9801098342296639]
Mean ssim_out_mean: 0.9810538135459833
Median: ssim_out_mean: 0.9830968871928769
ssim_distorted_median: [0.9861378733237339, 0.9784159176253597, 0.9883001053927398, 0.9839466953986206, 0.9853283419750524, 0.9925887965013875, 0.9846083049021439, 0.9913037907459881, 0.981629785000973, 0.98355871497607, 0.9542694221609556, 0.9622032144986561, 0.9685669263451295, 0.9635564618482432, 0.9611870127608859, 0.9616272557559825, 0.9723830480876989, 0.9387304352843291, 0.9583982488883824, 0.963145147560499]
Mean ssim_distorted_median: 0.9729942749516415
Median: ssim_distorted_median: 0.9753994828565293
ssim_out_median: [0.9907349586545452, 0.9858912777718694, 0.9926744234706124, 0.9913780231674123, 0.9890911950647285, 0.9952332367130101, 0.9888092681178011, 0.9946112724506111, 0.9874303943155485, 0.9885190575150448, 0.9644864882460301, 0.972086098499371, 0.9781281245218252, 0.9633702158213818, 0.978554131100936, 0.9730916189562031, 0.9789772553363048, 0.9572438338698188, 0.9699996078705929, 0.9799584191267989]
Mean ssim_out_median: 0.9810134450295223
Median: ssim_out_median: 0.9829248484493341
Mean compute time per sample in seconds: 4.55627017925287e-06
