

METRICS REPORT

correlation_distorted_mean: [0.9387477789810645, 0.8999125358484645, 0.9414120627787277, 0.9126218254825632, 0.9375301070603114, 0.9534732223500733, 0.9513252366033107, 0.956406270528608, 0.9284557137791475, 0.9358443975892673, 0.8145218266155264, 0.8346685009838585, 0.8574432300781374, 0.8643961871745358, 0.8294397140906545, 0.8255223414858198, 0.8738035336562693, 0.7835565954349402, 0.8589783640484127, 0.833710181533624]
Mean correlation_distorted_mean: 0.8865884813051659
Median: correlation_distorted_mean: 0.8868580347523669
correlation_out_mean: [0.9826114768736861, 0.9530912939527171, 0.983096437391577, 0.9716618170995207, 0.9804946547673187, 0.9836307092066618, 0.984770240476573, 0.9895409797801675, 0.9754351537150429, 0.977649268733142, 0.8773256861671348, 0.9088460510083802, 0.922966161957607, 0.8839144491277625, 0.9229170551605858, 0.9061575837416503, 0.9182044998204459, 0.884526693393914, 0.9254253929292714, 0.9357983214926554]
Mean correlation_out_mean: 0.9434031963397906
Median: correlation_out_mean: 0.9444448077226862
correlation_distorted_median: [0.9952576170616543, 0.9873834468671504, 0.9956792438782517, 0.9925129116982715, 0.9977397839984126, 0.9964195358447299, 0.9957289373494135, 0.9965723935260998, 0.9940677056551476, 0.9959377085629735, 0.9688611928014312, 0.9682287744406558, 0.9791313319125383, 0.9811649139042234, 0.963442034481546, 0.9689720292972158, 0.9788743512744775, 0.949270375555384, 0.9826186420017495, 0.9631461577994752]
Mean correlation_distorted_median: 0.98255045439554
Median: correlation_distorted_median: 0.9850010444344499
correlation_out_median: [0.9984132705446295, 0.9948293634635563, 0.9985690189655284, 0.9971690327156173, 0.9976276468311471, 0.998448801205021, 0.9983364691997288, 0.9989434104208342, 0.9982445693772528, 0.9984279031068164, 0.9764612594735085, 0.9788418455358541, 0.9864402161550243, 0.9727514731379813, 0.9856622181442629, 0.9837187611438525, 0.9837597251845247, 0.9780158238038433, 0.9905075973704852, 0.9902535672152515]
Mean correlation_out_median: 0.990271098649736
Median: correlation_out_median: 0.9926684804170207
mse_distorted_mean: [0.0010580720919079563, 0.0018428186413873412, 0.000939538053135125, 0.0014018830728278137, 0.0016073598835527469, 0.0006983548334477816, 0.0012901438695844898, 0.0006290198601661755, 0.0016807646312810784, 0.001324073668668675, 0.0057932559836886355, 0.0043942136540336225, 0.003996113211868598, 0.004767870393975397, 0.004486142757578556, 0.004706195855687909, 0.0035262105204855506, 0.007877629707409151, 0.005282305516488193, 0.004844964066737272]
Mean mse_distorted_mean: 0.003107346513695603
Median: mse_distorted_mean: 0.002684514580936446
mse_out_mean: [0.0007355429759833014, 0.0012022634102752032, 0.0005586974040862752, 0.0007491263984788149, 0.0011247731838164748, 0.0005221076421753451, 0.0010577556689003208, 0.0004129184269033606, 0.0010516724614377999, 0.0009579754457540792, 0.0046969030974906645, 0.003344519170146523, 0.003378360142201138, 0.004635329235234243, 0.0027831945341257394, 0.0031783582795771284, 0.003375839719218064, 0.006557295904621525, 0.0036274670790307642, 0.0026561027679661143]
Mean mse_out_mean: 0.002330310147371144
Median: mse_out_mean: 0.0019291830891206589
mse_distorted_median: [0.0010684465479701033, 0.001965643110793223, 0.000950041578125351, 0.001421355028807715, 0.0016051998034971517, 0.0007040257124596321, 0.0012798040276878644, 0.000629241849595757, 0.0016765059700443218, 0.001326690874185393, 0.005859115896057609, 0.004463072253126391, 0.003958356874528837, 0.00480977165521352, 0.004438169075254772, 0.004740662934727505, 0.003491613133770063, 0.007896296992751984, 0.0053576554134021565, 0.004847182578994292]
Mean mse_distorted_median: 0.0031244425655496816
Median: mse_distorted_median: 0.002728628122281643
mse_out_median: [0.000738420572358603, 0.0012715142564624356, 0.0005626893513509733, 0.0007582873198530011, 0.001123388778978168, 0.0005268544585857633, 0.0010425879881690529, 0.00041302966563014614, 0.001049945084332371, 0.0009599021210884321, 0.004742120463817876, 0.003386225083478918, 0.0033532267579074906, 0.0046662436174355025, 0.002754933057714423, 0.003193142907768713, 0.0033634814842431904, 0.006570677266094617, 0.0036833385785096312, 0.00265715534993787]
Mean mse_out_median: 0.002340858208185859
Median: mse_out_median: 0.001964334803200153
ssim_distorted_mean: [0.9861752511006754, 0.9788853954611887, 0.9883122399755625, 0.9839358163080324, 0.9853225978395761, 0.9925874175300234, 0.9846101432760019, 0.9913010903010033, 0.9816020209300522, 0.9835562973924069, 0.9544221162572444, 0.9625561389961456, 0.9684561416821803, 0.9638999072595662, 0.9611788453044855, 0.9617219107319804, 0.9721673404623774, 0.9388444672956061, 0.9585446432573075, 0.9633866690219779]
Mean ssim_distorted_mean: 0.9730733225191699
Median: ssim_distorted_mean: 0.975526367961783
ssim_out_mean: [0.9906980703634383, 0.9863043718448976, 0.9927859622422994, 0.9913245555609471, 0.9890803151729831, 0.9950741356358223, 0.9883432626489516, 0.9944648376150036, 0.988593596070401, 0.988269345734188, 0.9644922207214756, 0.9727878276079557, 0.9770782547200063, 0.963067998826648, 0.9774285347452988, 0.974483002351519, 0.9759753751482404, 0.9557308264754026, 0.9715709902693924, 0.9801191123664017]
Mean ssim_out_mean: 0.9808836298060637
Median: ssim_out_mean: 0.9832117421056497
ssim_distorted_median: [0.9861378733237339, 0.9784159176253597, 0.9883001053927398, 0.9839466953986206, 0.9853283419750524, 0.9925887965013875, 0.9846083049021439, 0.9913037907459881, 0.981629785000973, 0.98355871497607, 0.9542694221609556, 0.9622032144986561, 0.9685669263451295, 0.9635564618482432, 0.9611870127608859, 0.9616272557559825, 0.9723830480876989, 0.9387304352843291, 0.9583982488883824, 0.963145147560499]
Mean ssim_distorted_median: 0.9729942749516415
Median: ssim_distorted_median: 0.9753994828565293
ssim_out_median: [0.9907229701609521, 0.9861348140851893, 0.992789722476567, 0.9913211292368451, 0.9891151114043804, 0.9950782001104461, 0.9883384700629907, 0.9944640911795402, 0.9885876984297997, 0.9883064897949985, 0.9643775429704317, 0.9726002501294486, 0.9771203048342612, 0.9628315444332709, 0.9774415862307122, 0.9744854610384597, 0.9760580676177051, 0.9556808457250143, 0.9715433648373881, 0.9799781557499342]
Mean ssim_out_median: 0.9808487910254164
Median: ssim_out_median: 0.9830564849175618
Mean compute time per sample in seconds: 4.279624021743576e-06
