

METRICS REPORT

correlation_distorted_mean: [0.9387477789810645, 0.8999125358484645, 0.9414120627787277, 0.9126218254825632, 0.9375301070603114, 0.9534732223500733, 0.9513252366033107, 0.956406270528608, 0.9284557137791475, 0.9358443975892673, 0.8145218266155264, 0.8346685009838585, 0.8574432300781374, 0.8643961871745358, 0.8294397140906545, 0.8255223414858198, 0.8738035336562693, 0.7835565954349402, 0.8589783640484127, 0.833710181533624]
Mean correlation_distorted_mean: 0.8865884813051659
Median: correlation_distorted_mean: 0.8868580347523669
correlation_out_mean: [0.9826565464469879, 0.9507214567485208, 0.9815098670165759, 0.9713288263389249, 0.9780568058638435, 0.9833116480514827, 0.9851195739720067, 0.9887408836602635, 0.9744618984146803, 0.9788056864394598, 0.8652970010974976, 0.896387777334473, 0.9259800764947401, 0.8913895250915199, 0.9268239022668227, 0.9111361233243837, 0.9265596420763247, 0.8841680767238076, 0.9227084777383739, 0.9312690725924293]
Mean correlation_out_mean: 0.9428216433846558
Median: correlation_out_mean: 0.9409952646704751
correlation_distorted_median: [0.9952576170616543, 0.9873834468671504, 0.9956792438782517, 0.9925129116982715, 0.9977397839984126, 0.9964195358447299, 0.9957289373494135, 0.9965723935260998, 0.9940677056551476, 0.9959377085629735, 0.9688611928014312, 0.9682287744406558, 0.9791313319125383, 0.9811649139042234, 0.963442034481546, 0.9689720292972158, 0.9788743512744775, 0.949270375555384, 0.9826186420017495, 0.9631461577994752]
Mean correlation_distorted_median: 0.98255045439554
Median: correlation_distorted_median: 0.9850010444344499
correlation_out_median: [0.9981115381836465, 0.9938881090221111, 0.9981488629749455, 0.9974010589616951, 0.997138713097909, 0.9986427929076662, 0.9983347178993734, 0.9989736551850819, 0.9975303674865317, 0.9981901607126126, 0.9752734777450559, 0.9756693186894649, 0.986734972758526, 0.9732825568136795, 0.9879046344906796, 0.9862936045973778, 0.9865730706519436, 0.9741874677578602, 0.9883141243502518, 0.9874499306517595]
Mean correlation_out_median: 0.9899021567469086
Median: correlation_out_median: 0.9911011166861814
mse_distorted_mean: [0.0010580720919079563, 0.0018428186413873412, 0.000939538053135125, 0.0014018830728278137, 0.0016073598835527469, 0.0006983548334477816, 0.0012901438695844898, 0.0006290198601661755, 0.0016807646312810784, 0.001324073668668675, 0.0057932559836886355, 0.0043942136540336225, 0.003996113211868598, 0.004767870393975397, 0.004486142757578556, 0.004706195855687909, 0.0035262105204855506, 0.007877629707409151, 0.005282305516488193, 0.004844964066737272]
Mean mse_distorted_mean: 0.003107346513695603
Median: mse_distorted_mean: 0.002684514580936446
mse_out_mean: [0.0006891253625597667, 0.0013194642892567314, 0.0006290979954351111, 0.0007325951767077168, 0.0011384498783088475, 0.0005276739155913083, 0.0010178315795172574, 0.0004285540356170384, 0.0011171229801414328, 0.0009124874327970577, 0.005001658765911615, 0.003722067002692228, 0.003506939555405455, 0.004083805242737766, 0.002592874943503276, 0.0031534477812999884, 0.0029775750817994805, 0.006210192993282189, 0.0036821756908362053, 0.002944814611025376]
Mean mse_out_mean: 0.002319397715721292
Median: mse_out_mean: 0.0019561696163800037
mse_distorted_median: [0.0010684465479701033, 0.001965643110793223, 0.000950041578125351, 0.001421355028807715, 0.0016051998034971517, 0.0007040257124596321, 0.0012798040276878644, 0.000629241849595757, 0.0016765059700443218, 0.001326690874185393, 0.005859115896057609, 0.004463072253126391, 0.003958356874528837, 0.00480977165521352, 0.004438169075254772, 0.004740662934727505, 0.003491613133770063, 0.007896296992751984, 0.0053576554134021565, 0.004847182578994292]
Mean mse_distorted_median: 0.0031244425655496816
Median: mse_distorted_median: 0.002728628122281643
mse_out_median: [0.0006900810695847841, 0.001396155937020669, 0.000632917867224953, 0.0007410608482661901, 0.0011387774108716183, 0.0005317700113816313, 0.0009991359073326291, 0.0004285455432601453, 0.0011151067600324992, 0.0009131416635366986, 0.00505034365103583, 0.0037793357203073632, 0.003491032084273475, 0.0041051691084132945, 0.0025640538319469143, 0.003166022353886735, 0.002965048405323305, 0.0062220051026490725, 0.0037476117075288403, 0.0029418469692183914]
Mean mse_out_median: 0.002330958097654752
Median: mse_out_median: 0.0019801048844837917
ssim_distorted_mean: [0.9861752511006754, 0.9788853954611887, 0.9883122399755625, 0.9839358163080324, 0.9853225978395761, 0.9925874175300234, 0.9846101432760019, 0.9913010903010033, 0.9816020209300522, 0.9835562973924069, 0.9544221162572444, 0.9625561389961456, 0.9684561416821803, 0.9638999072595662, 0.9611788453044855, 0.9617219107319804, 0.9721673404623774, 0.9388444672956061, 0.9585446432573075, 0.9633866690219779]
Mean ssim_distorted_mean: 0.9730733225191699
Median: ssim_distorted_mean: 0.975526367961783
ssim_out_mean: [0.9910521502712747, 0.9853334367606215, 0.9922138913350771, 0.991403786775946, 0.9891422294600019, 0.9952211317900128, 0.9889356287313383, 0.9944014497076584, 0.9880251412994943, 0.9886640454482362, 0.9630375447325772, 0.970415581579633, 0.9766109708268641, 0.9663366031964046, 0.9789114691155897, 0.9736883738481028, 0.9783357800521527, 0.9573164219053897, 0.9716240531630419, 0.9795032094024557]
Mean ssim_out_mean: 0.9810086449700937
Median: ssim_out_mean: 0.9824183230815386
ssim_distorted_median: [0.9861378733237339, 0.9784159176253597, 0.9883001053927398, 0.9839466953986206, 0.9853283419750524, 0.9925887965013875, 0.9846083049021439, 0.9913037907459881, 0.981629785000973, 0.98355871497607, 0.9542694221609556, 0.9622032144986561, 0.9685669263451295, 0.9635564618482432, 0.9611870127608859, 0.9616272557559825, 0.9723830480876989, 0.9387304352843291, 0.9583982488883824, 0.963145147560499]
Mean ssim_distorted_median: 0.9729942749516415
Median: ssim_distorted_median: 0.9753994828565293
ssim_out_median: [0.9910802275795991, 0.9851465092870835, 0.9922141403958437, 0.9913981673438392, 0.9891781099599293, 0.9952245735455818, 0.9889254450063745, 0.9944045646193211, 0.9880250618398903, 0.9887013000688236, 0.9629301883298191, 0.9701846504086118, 0.9766694777141207, 0.9661117142737679, 0.9789283698632563, 0.9736768205799902, 0.9784058263544044, 0.9572837007908739, 0.9715611448650213, 0.9793576286445426]
Mean ssim_out_median: 0.9809703810735348
Median: ssim_out_median: 0.982252068965813
Mean compute time per sample in seconds: 4.9998424265834925e-06
