

METRICS REPORT

correlation_distorted_mean: [0.9387477789810645, 0.8999125358484645, 0.9414120627787277, 0.9126218254825632, 0.9375301070603114, 0.9534732223500733, 0.9513252366033107, 0.956406270528608, 0.9284557137791475, 0.9358443975892673, 0.8145218266155264, 0.8346685009838585, 0.8574432300781374, 0.8643961871745358, 0.8294397140906545, 0.8255223414858198, 0.8738035336562693, 0.7835565954349402, 0.8589783640484127, 0.833710181533624]
Mean correlation_distorted_mean: 0.8865884813051659
Median: correlation_distorted_mean: 0.8868580347523669
correlation_out_mean: [0.9791975326389561, 0.9455964657810325, 0.9760869245248046, 0.9620725626249871, 0.9726052983663358, 0.9833540300194646, 0.9849569587410141, 0.9875660223620667, 0.9732513554914813, 0.9765717143144435, 0.8645940090798981, 0.9019223087318964, 0.9253381829531386, 0.885899909276374, 0.9170661929050943, 0.8936936777097271, 0.9223596454579429, 0.8850786115028624, 0.9161723055155947, 0.9300149461845262]
Mean correlation_out_mean: 0.9391699327090819
Median: correlation_out_mean: 0.9378057059827793
correlation_distorted_median: [0.9952576170616543, 0.9873834468671504, 0.9956792438782517, 0.9925129116982715, 0.9977397839984126, 0.9964195358447299, 0.9957289373494135, 0.9965723935260998, 0.9940677056551476, 0.9959377085629735, 0.9688611928014312, 0.9682287744406558, 0.9791313319125383, 0.9811649139042234, 0.963442034481546, 0.9689720292972158, 0.9788743512744775, 0.949270375555384, 0.9826186420017495, 0.9631461577994752]
Mean correlation_distorted_median: 0.98255045439554
Median: correlation_distorted_median: 0.9850010444344499
correlation_out_median: [0.9978682747712522, 0.9930747522841391, 0.99864744547808, 0.9966749911296411, 0.9968982356553464, 0.9985084880284274, 0.9987955902217831, 0.9989234491896976, 0.9977344792390777, 0.9986432339578653, 0.9760103624537948, 0.9772321295785534, 0.9845216888609684, 0.9760840695806753, 0.9863936550524528, 0.9815339737254847, 0.9810325436868952, 0.9759077850726191, 0.9886034502049759, 0.9878004100619073]
Mean correlation_out_median: 0.9895444504116819
Median: correlation_out_median: 0.9908391012445574
mse_distorted_mean: [0.0010580720919079563, 0.0018428186413873412, 0.000939538053135125, 0.0014018830728278137, 0.0016073598835527469, 0.0006983548334477816, 0.0012901438695844898, 0.0006290198601661755, 0.0016807646312810784, 0.001324073668668675, 0.0057932559836886355, 0.0043942136540336225, 0.003996113211868598, 0.004767870393975397, 0.004486142757578556, 0.004706195855687909, 0.0035262105204855506, 0.007877629707409151, 0.005282305516488193, 0.004844964066737272]
Mean mse_distorted_mean: 0.003107346513695603
Median: mse_distorted_mean: 0.002684514580936446
mse_out_mean: [0.0007182462052478633, 0.0013489299325904931, 0.0006142189950968276, 0.0008433616203446033, 0.0011357292680391246, 0.0005287064693987402, 0.0009998127048183114, 0.00043691331403485024, 0.0011196944477190821, 0.0009551781308714739, 0.005104071485558608, 0.0038561291154265978, 0.0032558219169260424, 0.004233678421154007, 0.003093058010973672, 0.0034191546773093733, 0.0028837276671562365, 0.006383910382701155, 0.003610208206282106, 0.0029385948444825716]
Mean mse_out_mean: 0.0023739572908065866
Median: mse_out_mean: 0.002116328799873365
mse_distorted_median: [0.0010684465479701033, 0.001965643110793223, 0.000950041578125351, 0.001421355028807715, 0.0016051998034971517, 0.0007040257124596321, 0.0012798040276878644, 0.000629241849595757, 0.0016765059700443218, 0.001326690874185393, 0.005859115896057609, 0.004463072253126391, 0.003958356874528837, 0.00480977165521352, 0.004438169075254772, 0.004740662934727505, 0.003491613133770063, 0.007896296992751984, 0.0053576554134021565, 0.004847182578994292]
Mean mse_distorted_median: 0.0031244425655496816
Median: mse_distorted_median: 0.002728628122281643
mse_out_median: [0.0007191259235505691, 0.0014289437830825005, 0.0006176239055509197, 0.0008542289237635776, 0.0011353574170670162, 0.00053323488321627, 0.0009840220665254208, 0.0004368002460622752, 0.0011188585127266067, 0.000957290563518268, 0.005163149108869844, 0.0039049012878316354, 0.0032372680708190505, 0.0042617296171126254, 0.003061063071790356, 0.00343573401468441, 0.002871707941648459, 0.006399380766916646, 0.0036691311471611257, 0.0029436874905356836]
Mean mse_out_median: 0.0023866619371216624
Median: mse_out_median: 0.00215032586236548
ssim_distorted_mean: [0.9861752511006754, 0.9788853954611887, 0.9883122399755625, 0.9839358163080324, 0.9853225978395761, 0.9925874175300234, 0.9846101432760019, 0.9913010903010033, 0.9816020209300522, 0.9835562973924069, 0.9544221162572444, 0.9625561389961456, 0.9684561416821803, 0.9638999072595662, 0.9611788453044855, 0.9617219107319804, 0.9721673404623774, 0.9388444672956061, 0.9585446432573075, 0.9633866690219779]
Mean ssim_distorted_mean: 0.9730733225191699
Median: ssim_distorted_mean: 0.975526367961783
ssim_out_mean: [0.9906127522399955, 0.9849874830990266, 0.9921944839793154, 0.9903170102597574, 0.989056833917969, 0.9951693152517084, 0.9887574527380705, 0.9941386216699797, 0.9880715252924961, 0.9885832163584585, 0.9625625427671992, 0.970367194006112, 0.9771077960372191, 0.9649148906211698, 0.9754874434668623, 0.971263776713365, 0.9782088788284556, 0.956477314898598, 0.9719152318882903, 0.9798905199041876]
Mean ssim_out_mean: 0.9805042141969118
Median: ssim_out_mean: 0.9824390015016071
ssim_distorted_median: [0.9861378733237339, 0.9784159176253597, 0.9883001053927398, 0.9839466953986206, 0.9853283419750524, 0.9925887965013875, 0.9846083049021439, 0.9913037907459881, 0.981629785000973, 0.98355871497607, 0.9542694221609556, 0.9622032144986561, 0.9685669263451295, 0.9635564618482432, 0.9611870127608859, 0.9616272557559825, 0.9723830480876989, 0.9387304352843291, 0.9583982488883824, 0.963145147560499]
Mean ssim_distorted_median: 0.9729942749516415
Median: ssim_distorted_median: 0.9753994828565293
ssim_out_median: [0.9906352740269422, 0.9847900527234369, 0.9921871490629486, 0.990305357664184, 0.9890844918682131, 0.9951765610514747, 0.9887377354969207, 0.9941426853633123, 0.9880744481254473, 0.9886218844028507, 0.9624259736486824, 0.9701835474038916, 0.9771400282704115, 0.9646836511950576, 0.9755035580005427, 0.9712443753634468, 0.9782874709135834, 0.9564339294870907, 0.97183489941533, 0.9797479999008127]
Mean ssim_out_median: 0.9804620536692289
Median: ssim_out_median: 0.9822690263121248
Mean compute time per sample in seconds: 4.445858345787267e-06
