

METRICS REPORT

correlation_distorted_mean: [0.9387477789810645, 0.8999125358484645, 0.9414120627787277, 0.9126218254825632, 0.9375301070603114, 0.9534732223500733, 0.9513252366033107, 0.956406270528608, 0.9284557137791475, 0.9358443975892673, 0.8145218266155264, 0.8346685009838585, 0.8574432300781374, 0.8643961871745358, 0.8294397140906545, 0.8255223414858198, 0.8738035336562693, 0.7835565954349402, 0.8589783640484127, 0.833710181533624]
Mean correlation_distorted_mean: 0.8865884813051659
Median: correlation_distorted_mean: 0.8868580347523669
correlation_out_mean: [0.9831441376352373, 0.9509969453590064, 0.9812156577495496, 0.9671266329703025, 0.9775019906057679, 0.9803352229123321, 0.9863678505724428, 0.9888189030906427, 0.9714154566114879, 0.9780929018528562, 0.8768964318938436, 0.896828651221384, 0.9320207135829297, 0.8728613094659956, 0.9293461425945265, 0.9038658079703379, 0.9274479541163447, 0.8919585031985463, 0.9129231129521139, 0.9382190697894193]
Mean correlation_out_mean: 0.9423691698072533
Median: correlation_out_mean: 0.9446080075742128
correlation_distorted_median: [0.9952576170616543, 0.9873834468671504, 0.9956792438782517, 0.9925129116982715, 0.9977397839984126, 0.9964195358447299, 0.9957289373494135, 0.9965723935260998, 0.9940677056551476, 0.9959377085629735, 0.9688611928014312, 0.9682287744406558, 0.9791313319125383, 0.9811649139042234, 0.963442034481546, 0.9689720292972158, 0.9788743512744775, 0.949270375555384, 0.9826186420017495, 0.9631461577994752]
Mean correlation_distorted_median: 0.98255045439554
Median: correlation_distorted_median: 0.9850010444344499
correlation_out_median: [0.9983348246944517, 0.9943236989485994, 0.9986322424915672, 0.9970594432366702, 0.9964948553098205, 0.9980361896456973, 0.9983149184473032, 0.9989951773489424, 0.9976092076130082, 0.9987156075681617, 0.9792088475913949, 0.9752584198711346, 0.9888957051082599, 0.9653295577025671, 0.9876011630912254, 0.9850031948539287, 0.9844717147677589, 0.9788520760191859, 0.9845544499991223, 0.9904400760188018]
Mean correlation_out_median: 0.9898065685163802
Median: correlation_out_median: 0.9923818874837006
mse_distorted_mean: [0.0010580720919079563, 0.0018428186413873412, 0.000939538053135125, 0.0014018830728278137, 0.0016073598835527469, 0.0006983548334477816, 0.0012901438695844898, 0.0006290198601661755, 0.0016807646312810784, 0.001324073668668675, 0.0057932559836886355, 0.0043942136540336225, 0.003996113211868598, 0.004767870393975397, 0.004486142757578556, 0.004706195855687909, 0.0035262105204855506, 0.007877629707409151, 0.005282305516488193, 0.004844964066737272]
Mean mse_distorted_mean: 0.003107346513695603
Median: mse_distorted_mean: 0.002684514580936446
mse_out_mean: [0.0006795977076935314, 0.0011857294280425196, 0.0005924534841669571, 0.0008354244684984308, 0.0011676154990935795, 0.0005860163933727978, 0.0010249565389305756, 0.00039407592603630875, 0.001167800657837499, 0.0009165295803540777, 0.004682894027847073, 0.003733351889666411, 0.002935178683558651, 0.004749311137079735, 0.002642829801492008, 0.0031477792328413003, 0.00312237251444613, 0.006053840373177215, 0.0038265139619085915, 0.0027245622030970026]
Mean mse_out_mean: 0.00230844167545702
Median: mse_out_mean: 0.0019142796147672636
mse_distorted_median: [0.0010684465479701033, 0.001965643110793223, 0.000950041578125351, 0.001421355028807715, 0.0016051998034971517, 0.0007040257124596321, 0.0012798040276878644, 0.000629241849595757, 0.0016765059700443218, 0.001326690874185393, 0.005859115896057609, 0.004463072253126391, 0.003958356874528837, 0.00480977165521352, 0.004438169075254772, 0.004740662934727505, 0.003491613133770063, 0.007896296992751984, 0.0053576554134021565, 0.004847182578994292]
Mean mse_distorted_median: 0.0031244425655496816
Median: mse_distorted_median: 0.002728628122281643
mse_out_median: [0.0006803765781694441, 0.0012540670934947412, 0.0005953259079116244, 0.0008454378656751554, 0.0011673573002640948, 0.0005906107520623719, 0.001010279263122641, 0.0003939928583684504, 0.0011655704110634945, 0.0009180981725321401, 0.004736959369139596, 0.003779723258081649, 0.0029168675861418678, 0.004781786708099464, 0.002617923111754448, 0.003161000407344982, 0.0031111429285265854, 0.006066979407574575, 0.0038951006131608523, 0.002731412358060047]
Mean mse_out_median: 0.0023210005975274114
Median: mse_out_median: 0.0019359951026245946
ssim_distorted_mean: [0.9861752511006754, 0.9788853954611887, 0.9883122399755625, 0.9839358163080324, 0.9853225978395761, 0.9925874175300234, 0.9846101432760019, 0.9913010903010033, 0.9816020209300522, 0.9835562973924069, 0.9544221162572444, 0.9625561389961456, 0.9684561416821803, 0.9638999072595662, 0.9611788453044855, 0.9617219107319804, 0.9721673404623774, 0.9388444672956061, 0.9585446432573075, 0.9633866690219779]
Mean ssim_distorted_mean: 0.9730733225191699
Median: ssim_distorted_mean: 0.975526367961783
ssim_out_mean: [0.9911701252047478, 0.9863562541411152, 0.9924873429075473, 0.9907093467031509, 0.988936860140772, 0.9946202940247254, 0.9885916299358019, 0.9945618817682135, 0.9876934540382156, 0.988571890113515, 0.9652823209472304, 0.9703845541235346, 0.9795426511889237, 0.9612301160840437, 0.9784391285486941, 0.9725246021984921, 0.978062599146259, 0.9580707147178346, 0.9700501821509504, 0.9807128629289112]
Mean ssim_out_mean: 0.9808999405506338
Median: ssim_out_mean: 0.9835345585350133
ssim_distorted_median: [0.9861378733237339, 0.9784159176253597, 0.9883001053927398, 0.9839466953986206, 0.9853283419750524, 0.9925887965013875, 0.9846083049021439, 0.9913037907459881, 0.981629785000973, 0.98355871497607, 0.9542694221609556, 0.9622032144986561, 0.9685669263451295, 0.9635564618482432, 0.9611870127608859, 0.9616272557559825, 0.9723830480876989, 0.9387304352843291, 0.9583982488883824, 0.963145147560499]
Mean ssim_distorted_median: 0.9729942749516415
Median: ssim_distorted_median: 0.9753994828565293
ssim_out_median: [0.991200428687296, 0.986175357109786, 0.9924854198150144, 0.9907006929504474, 0.9889700155823529, 0.9946247009508214, 0.9885825375903609, 0.9945663825233559, 0.987698015422628, 0.9886067477686125, 0.9651613152763068, 0.9701841132853867, 0.9795824541768352, 0.9609658099916395, 0.9784418835815851, 0.972506566680793, 0.9781350552516227, 0.9580281701941102, 0.9699675711457103, 0.9805600299345146]
Mean ssim_out_median: 0.9808571633959591
Median: ssim_out_median: 0.9833676935221503
Mean compute time per sample in seconds: 4.423781994448734e-06
