

METRICS REPORT

correlation_distorted_mean: [0.7972887892187266, 0.7711733480022133, 0.7838008890696745, 0.7514580388730141, 0.8436644369347768, 0.7558907790936973, 0.8279867400484606, 0.8552065668044202, 0.7707694424569176, 0.8016479795934689, 0.7414702923850368, 0.8268358075300629, 0.8269883380389541, 0.8424162462235271, 0.8324543764861219, 0.8264580305004324, 0.8159535939126963, 0.8658631464129581, 0.829957829552272, 0.8350715575412663, 0.8102110270794741, 0.8387979358941723, 0.8114422047537547, 0.7930222304702177, 0.7997262324342421, 0.7874972698959561, 0.8136567275568011, 0.8327279382617732, 0.8240206194410532, 0.8019993206299522, 0.8906891297861489, 0.8949764435777172, 0.9135393068428634, 0.9279969697086062, 0.9687702428781683, 0.9215106456537883, 0.8852262192918193, 0.9077646309978085, 0.9548037017480926, 0.9125302515676122]
Mean correlation_distorted_mean: 0.8373316319287178
Median: correlation_distorted_mean: 0.8274875390437073
correlation_out_mean: [0.8520424059316967, 0.8413864713945394, 0.8304632098449388, 0.8129316327246683, 0.8556791221215655, 0.8260465110673892, 0.859061990506368, 0.8849265651218297, 0.8475383558293893, 0.8636019201879748, 0.8821059653537155, 0.9274237565535257, 0.9423954226792916, 0.9404242927862346, 0.9502556976437745, 0.92983502796973, 0.9303771022089333, 0.9286422560218967, 0.9561532046694154, 0.9479980238243508, 0.8524133667008447, 0.8967446880583836, 0.8597328982319099, 0.9107588104207712, 0.8863914321872799, 0.8737084883443612, 0.8731056976907785, 0.9172631004956113, 0.9163731304629386, 0.8848099951589168, 0.9533250814586308, 0.9511327109463582, 0.9654831207098609, 0.9743065336895433, 0.9832625756076149, 0.9766935823977767, 0.9458921859890672, 0.9596559177009826, 0.9803621191694075, 0.9674751065375663]
Mean correlation_out_mean: 0.9084544869099958
Median: correlation_out_mean: 0.9168181154792749
correlation_distorted_median: [0.9695125971259204, 0.9573471498672925, 0.964611359291438, 0.9353044642882804, 0.98701528665142, 0.9337180229683052, 0.9774421334424372, 0.9882935377731875, 0.938562227965767, 0.9623038250173612, 0.9371518350197742, 0.9706648590332521, 0.96680331601797, 0.9804003766588559, 0.980306506274393, 0.9664419614361137, 0.9671100293204228, 0.9827729648592936, 0.9695093777635564, 0.9678235267414836, 0.984238168737337, 0.9870138596981206, 0.9812081971327906, 0.9724616604193863, 0.9661824319346848, 0.9736759573129546, 0.9818709557663289, 0.9836134822460414, 0.980699542380824, 0.9737341621663674, 0.9860233025570628, 0.9910516856061042, 0.9923553905475772, 0.993544982180135, 0.9963586299785522, 0.9937084363357384, 0.9914143897465199, 0.9918275285016913, 0.9977561435933506, 0.9944894126924796]
Mean correlation_distorted_median: 0.9754080919262643
Median: correlation_distorted_median: 0.9803534414666244
correlation_out_median: [0.9717369779719421, 0.9765211721520357, 0.9610025826320121, 0.9466751106739746, 0.9800053713838193, 0.9524437061238831, 0.9773051379520158, 0.9854824325280214, 0.9602479813100837, 0.9714509702641483, 0.9793099582690472, 0.986116002649623, 0.9889014010084809, 0.9887360075740919, 0.9924238503293195, 0.9868694809559149, 0.9890243815928538, 0.9897995814475917, 0.9925617168645806, 0.9897691429136446, 0.9717137143251328, 0.9822978503853749, 0.9698758957795909, 0.9882551132597684, 0.9857388848448156, 0.9845817957139483, 0.9792010558360622, 0.98895476294964, 0.989454052669297, 0.9829063762646537, 0.994436386983617, 0.9956899413288629, 0.9967655833847429, 0.997271528767725, 0.9981220935775348, 0.9974089114897712, 0.9959834208849182, 0.9955638453040332, 0.9967886748358525, 0.9961928437517404]
Mean correlation_out_median: 0.9838396424733542
Median: correlation_out_median: 0.9875622971078417
mse_distorted_mean: [0.005552598365987914, 0.007106935411261671, 0.005891173427182048, 0.0071191881265658475, 0.005384698389904781, 0.007173493775011165, 0.005529575051080785, 0.004868848127229284, 0.006751731175155351, 0.007629417506461304, 0.005332400039946103, 0.003694311690674165, 0.0043316816164920245, 0.003226362210711168, 0.0040393304176004775, 0.0035837584669399926, 0.005035430717000985, 0.005030407708254293, 0.0046987234037918265, 0.00379312203736814, 0.0074293605646777346, 0.006270107930426938, 0.005576953301318014, 0.006209290744660476, 0.007978300348827254, 0.0082500321744447, 0.007051959625887505, 0.006064712243829501, 0.006098091819373574, 0.007824223520124742, 0.004844990343965466, 0.004851898338296663, 0.0032155696719524617, 0.003216465139168908, 0.0015029875435297096, 0.002767106688285518, 0.004622566093968797, 0.00353353418557721, 0.0022803986704882577, 0.0031672111079180647]
Mean mse_distorted_mean: 0.005213223693033521
Median: mse_distorted_mean: 0.005183915378473544
mse_out_mean: [0.004539706576561495, 0.005159144254045047, 0.00434960825434107, 0.006098645722653657, 0.004760631367510467, 0.00556085292342765, 0.003657726297856415, 0.004226824153328141, 0.0051007713411079115, 0.005628954905117156, 0.002788315169025029, 0.002009843167766436, 0.0021546554881416774, 0.0017816304774177117, 0.0024410242655483454, 0.001980158750230938, 0.0031334771633519764, 0.003386619126140674, 0.0024949526733483384, 0.0020398957433253877, 0.004990805888651694, 0.0033916655248124603, 0.003322925760931433, 0.002881369041017386, 0.004435813071568013, 0.00501955117659668, 0.004527835737733138, 0.003045479842799228, 0.0034537999653259945, 0.004282085698434701, 0.002324024849594495, 0.0024798187619438235, 0.00148399790401105, 0.0013023763175053474, 0.0011623369824968438, 0.0010816931215081108, 0.002283311800058356, 0.0016214352049542574, 0.0012087107370290103, 0.0013973285843489837]
Mean mse_out_mean: 0.0032247450947891637
Median: mse_out_mean: 0.003089478503075602
mse_distorted_median: [0.005657513093180777, 0.00711970018572059, 0.005718218176442516, 0.007147552439792107, 0.005383448854972158, 0.007221115286049271, 0.005485172397922118, 0.004856366225504738, 0.0067810562834879655, 0.007629966542565833, 0.005350553731453779, 0.003668966089332544, 0.004337701607722899, 0.003222162490356008, 0.0040363510889809065, 0.003602254789934864, 0.005030528589422456, 0.0050225720326650385, 0.004692399719030399, 0.003791679377483277, 0.007521227225684927, 0.006346320559909462, 0.00555680647824601, 0.006221096330769702, 0.00815458515122508, 0.00830601280918953, 0.007166420818001699, 0.005891696926777499, 0.006056515432158114, 0.0076366175603925415, 0.00485459668287337, 0.00488723056222783, 0.003169905178609478, 0.0032455031872585046, 0.0015088331427784108, 0.0027477493293538153, 0.004648970762362579, 0.003582195811381385, 0.0022828843509976023, 0.003208320568900183]
Mean mse_distorted_median: 0.005218719196777949
Median: mse_distorted_median: 0.0051905411604381176
mse_out_median: [0.004608228171288031, 0.005174793151664744, 0.004222838727814595, 0.006113041682083771, 0.004761994013357888, 0.0055967345279061605, 0.0036356316847542588, 0.0042274750732965456, 0.005117371045598372, 0.005626783098154479, 0.0027928914793253923, 0.0020061423352945966, 0.002155683558905143, 0.0017792487961554187, 0.002440111530955459, 0.001982070770895063, 0.0031218090534036102, 0.0033845568007183193, 0.0024927630708756485, 0.002040997836912627, 0.005001345544616835, 0.003461790231680046, 0.0033066803856894303, 0.0028939583777031702, 0.004541656416837285, 0.00505294701585477, 0.0045969715179251585, 0.002961241884003167, 0.0034344546499466087, 0.004203085351915829, 0.0023284568937084996, 0.0024961012740678805, 0.00147692916503521, 0.0013021577444081002, 0.0011648333188463396, 0.0010755761229987693, 0.0022895339738674783, 0.0016343980435712452, 0.0012103292272816475, 0.0014159102809308598]
Mean mse_out_median: 0.003228238095756211
Median: mse_out_median: 0.0030415254687033884
ssim_distorted_mean: [0.9655305194127171, 0.9532825808302404, 0.9610852857453192, 0.9554772311293861, 0.9655558589002301, 0.9555568055102615, 0.9670959265252823, 0.9683896632274822, 0.9551691679185931, 0.9563836909248257, 0.9550038719471134, 0.9707470932836427, 0.9680860720249713, 0.9714534110126495, 0.9628853630045805, 0.9652208425931411, 0.9594671313339449, 0.9639176367485338, 0.9625764865693837, 0.9684313187393474, 0.955648620450266, 0.9589381408946622, 0.9626999246292426, 0.9627181857208111, 0.9518297234223418, 0.9533707710100661, 0.9575115236164341, 0.960564496972542, 0.9581850595429239, 0.9486677340177398, 0.9623892157066003, 0.9592996018026126, 0.9760615358067998, 0.9771560661682591, 0.9872639652197883, 0.9769620336251528, 0.9641786009462218, 0.975021689600223, 0.9796692183300142, 0.9771258599705853]
Mean ssim_distorted_mean: 0.9639144481208733
Median: ssim_distorted_mean: 0.9627090551750268
ssim_out_mean: [0.9703167275905398, 0.9641045250088293, 0.9676125995968748, 0.9614094068601811, 0.9683192209274578, 0.9639310995184437, 0.9733092651954326, 0.972538193672742, 0.9646121879016317, 0.9654549344322678, 0.9754678990740479, 0.9834363162637578, 0.9826392416959268, 0.98458813578679, 0.97838744078829, 0.9809432440141617, 0.9750344011117691, 0.974970205662108, 0.9803288666208917, 0.9828192386152294, 0.9638688684028291, 0.971680896723567, 0.9723264278656898, 0.9803418652179622, 0.9710346768236491, 0.96830871514861, 0.9684559217206047, 0.9763124923356815, 0.9738611305341676, 0.9666705000990479, 0.9791654660997294, 0.9740479611165763, 0.9866238339190595, 0.9883294003248781, 0.9901859844262789, 0.9885966346543178, 0.9783242907371945, 0.986352506883884, 0.9873331854031638, 0.9871415686003692]
Mean ssim_out_mean: 0.9757296369343658
Median: ssim_out_mean: 0.9750023033869386
ssim_distorted_median: [0.9651690228285514, 0.9535300340727539, 0.9613882259515465, 0.9553917744222793, 0.9653622862863329, 0.9554856062797448, 0.9670084820244207, 0.9678577651872072, 0.9550269132989206, 0.9561074348158424, 0.9549453063949355, 0.9707119593256788, 0.9680924358264859, 0.9714592422581181, 0.9628842419784345, 0.9651924371618041, 0.9593099092597377, 0.9639162631461953, 0.9625670475997155, 0.9684219857049828, 0.9555695358095789, 0.9591324650107762, 0.9626969449860635, 0.9629246007853094, 0.9514146846250255, 0.953328471575738, 0.9573985918902049, 0.9609386932030486, 0.9579937928732606, 0.9488444521992445, 0.9623160026006059, 0.9590094694625131, 0.975870136528329, 0.9771576212750324, 0.9871091997153937, 0.9768850118194787, 0.9643019529668669, 0.9749146554040177, 0.9795869761809014, 0.9770673373059513]
Mean ssim_distorted_median: 0.9638572242510257
Median: ssim_distorted_median: 0.9627905934822489
ssim_out_median: [0.970090277368844, 0.9642672386772462, 0.9679072645143058, 0.9613280625726507, 0.9681482508144379, 0.9638947614879144, 0.9732102930094467, 0.9720658505068713, 0.9645402138742903, 0.9652264840688505, 0.9754370195830016, 0.9834305178710836, 0.9826468513346185, 0.9845878600252902, 0.9783856716634414, 0.9809607875384285, 0.9749965448661688, 0.9749947012125877, 0.9803194742805525, 0.9828006561197351, 0.9639322933082222, 0.971779339750996, 0.9723075779856412, 0.9803311627847293, 0.9707822505182688, 0.9681800082904195, 0.9683182231343461, 0.9763066537473908, 0.9736912647098274, 0.9667641003609977, 0.9791217864760355, 0.9738231370571678, 0.9863432766792348, 0.9883619903995543, 0.9900793062601608, 0.9885352329777957, 0.9784397097619951, 0.9862309309219376, 0.9872543794774608, 0.9870485493845352]
Mean ssim_out_median: 0.9756717488844121
Median: ssim_out_median: 0.9749956230393783
Mean compute time per sample in seconds: 3.7749859060774842e-06
