

METRICS REPORT

correlation_distorted_mean: [0.7972887892187266, 0.7711733480022133, 0.7838008890696745, 0.7514580388730141, 0.8436644369347768, 0.7558907790936973, 0.8279867400484606, 0.8552065668044202, 0.7707694424569176, 0.8016479795934689, 0.7414702923850368, 0.8268358075300629, 0.8269883380389541, 0.8424162462235271, 0.8324543764861219, 0.8264580305004324, 0.8159535939126963, 0.8658631464129581, 0.829957829552272, 0.8350715575412663, 0.8102110270794741, 0.8387979358941723, 0.8114422047537547, 0.7930222304702177, 0.7997262324342421, 0.7874972698959561, 0.8136567275568011, 0.8327279382617732, 0.8240206194410532, 0.8019993206299522, 0.8906891297861489, 0.8949764435777172, 0.9135393068428634, 0.9279969697086062, 0.9687702428781683, 0.9215106456537883, 0.8852262192918193, 0.9077646309978085, 0.9548037017480926, 0.9125302515676122]
Mean correlation_distorted_mean: 0.8373316319287178
Median: correlation_distorted_mean: 0.8274875390437073
correlation_out_mean: [0.8437852963208505, 0.8439030344181097, 0.8358582761258038, 0.8337369928890956, 0.8554004450075443, 0.8323460184653059, 0.8466507170344655, 0.891163539995387, 0.8331623133107918, 0.8581981493469939, 0.8854019297949998, 0.9255506176175379, 0.9357433453822908, 0.9299191368188282, 0.9496676245496063, 0.9275842513377526, 0.9269330217016964, 0.9274831205903591, 0.9526452611522361, 0.9411892500324073, 0.8597756000932425, 0.8917831108669159, 0.8746099594264101, 0.9074380243752893, 0.8844117370264855, 0.8736548750185658, 0.8876641380370128, 0.910822997306572, 0.9156537400063892, 0.8815735274989361, 0.952787058815742, 0.9488197515379131, 0.9646137974228778, 0.9775268974739225, 0.982934636014823, 0.9778299833239512, 0.9440939077542523, 0.9616058276656401, 0.979896801373315, 0.9686276056244898]
Mean correlation_out_mean: 0.9080611579638702
Median: correlation_out_mean: 0.9132383686564807
correlation_distorted_median: [0.9695125971259204, 0.9573471498672925, 0.964611359291438, 0.9353044642882804, 0.98701528665142, 0.9337180229683052, 0.9774421334424372, 0.9882935377731875, 0.938562227965767, 0.9623038250173612, 0.9371518350197742, 0.9706648590332521, 0.96680331601797, 0.9804003766588559, 0.980306506274393, 0.9664419614361137, 0.9671100293204228, 0.9827729648592936, 0.9695093777635564, 0.9678235267414836, 0.984238168737337, 0.9870138596981206, 0.9812081971327906, 0.9724616604193863, 0.9661824319346848, 0.9736759573129546, 0.9818709557663289, 0.9836134822460414, 0.980699542380824, 0.9737341621663674, 0.9860233025570628, 0.9910516856061042, 0.9923553905475772, 0.993544982180135, 0.9963586299785522, 0.9937084363357384, 0.9914143897465199, 0.9918275285016913, 0.9977561435933506, 0.9944894126924796]
Mean correlation_distorted_median: 0.9754080919262643
Median: correlation_distorted_median: 0.9803534414666244
correlation_out_median: [0.964918589822082, 0.9764009069977091, 0.9588258105557209, 0.9518629267440101, 0.9792668007721624, 0.9524046919821803, 0.9746167939705359, 0.9847148111946509, 0.9572395758990482, 0.9660006146558732, 0.9803730648657372, 0.9855710731989279, 0.9859334767296112, 0.9853510493758766, 0.991553550310075, 0.9832071238059037, 0.9863267298254518, 0.9880630064001759, 0.9890884945854337, 0.9884426310980837, 0.9724768239214122, 0.9803672188013676, 0.9769178597602646, 0.9871890534501316, 0.9848143568942486, 0.9853921650306864, 0.9825385043355781, 0.9880082901586381, 0.990114497156443, 0.9825461778456189, 0.9940419399468334, 0.9959566716359678, 0.9973228504993928, 0.9975901131155953, 0.9976572186679245, 0.9973544290401243, 0.996569798645552, 0.9959777820057729, 0.9962688574768073, 0.9969852756892645]
Mean correlation_out_median: 0.9831562901716719
Median: correlation_out_median: 0.9854816191148071
mse_distorted_mean: [0.005552598365987914, 0.007106935411261671, 0.005891173427182048, 0.0071191881265658475, 0.005384698389904781, 0.007173493775011165, 0.005529575051080785, 0.004868848127229284, 0.006751731175155351, 0.007629417506461304, 0.005332400039946103, 0.003694311690674165, 0.0043316816164920245, 0.003226362210711168, 0.0040393304176004775, 0.0035837584669399926, 0.005035430717000985, 0.005030407708254293, 0.0046987234037918265, 0.00379312203736814, 0.0074293605646777346, 0.006270107930426938, 0.005576953301318014, 0.006209290744660476, 0.007978300348827254, 0.0082500321744447, 0.007051959625887505, 0.006064712243829501, 0.006098091819373574, 0.007824223520124742, 0.004844990343965466, 0.004851898338296663, 0.0032155696719524617, 0.003216465139168908, 0.0015029875435297096, 0.002767106688285518, 0.004622566093968797, 0.00353353418557721, 0.0022803986704882577, 0.0031672111079180647]
Mean mse_distorted_mean: 0.005213223693033521
Median: mse_distorted_mean: 0.005183915378473544
mse_out_mean: [0.004797554310159709, 0.004985189253867156, 0.004428425229949118, 0.004894817098203091, 0.004519126976627508, 0.005056951096416335, 0.004153607635178696, 0.004104488819504111, 0.005539814650987564, 0.005691319864779008, 0.0027427545474986922, 0.002103182709822763, 0.002155306273358374, 0.001872735018372783, 0.002394286056219304, 0.002042232295560106, 0.0029287807287270806, 0.0031362983034728567, 0.0025250084721588012, 0.0020587639911550616, 0.004804183132451551, 0.0033948002695898473, 0.0031722267723089006, 0.0029408260423337694, 0.004443847686304829, 0.005368315158684467, 0.004368623042322575, 0.00303302349946013, 0.003480323385150032, 0.0044991480070847405, 0.0022842455644475467, 0.00261298300765774, 0.0015042162120683072, 0.0012633062186967708, 0.0010596468054244025, 0.0011201680791029906, 0.0024291957795926308, 0.0016051161896109075, 0.0012323508692734916, 0.0013515399902416852]
Mean mse_out_mean: 0.003202468226095636
Median: mse_out_mean: 0.0029869247708969498
mse_distorted_median: [0.005657513093180777, 0.00711970018572059, 0.005718218176442516, 0.007147552439792107, 0.005383448854972158, 0.007221115286049271, 0.005485172397922118, 0.004856366225504738, 0.0067810562834879655, 0.007629966542565833, 0.005350553731453779, 0.003668966089332544, 0.004337701607722899, 0.003222162490356008, 0.0040363510889809065, 0.003602254789934864, 0.005030528589422456, 0.0050225720326650385, 0.004692399719030399, 0.003791679377483277, 0.007521227225684927, 0.006346320559909462, 0.00555680647824601, 0.006221096330769702, 0.00815458515122508, 0.00830601280918953, 0.007166420818001699, 0.005891696926777499, 0.006056515432158114, 0.0076366175603925415, 0.00485459668287337, 0.00488723056222783, 0.003169905178609478, 0.0032455031872585046, 0.0015088331427784108, 0.0027477493293538153, 0.004648970762362579, 0.003582195811381385, 0.0022828843509976023, 0.003208320568900183]
Mean mse_distorted_median: 0.005218719196777949
Median: mse_distorted_median: 0.0051905411604381176
mse_out_median: [0.004871153059405775, 0.004995367742729994, 0.0043149295641539106, 0.00490659893952033, 0.004520553604617933, 0.005088577271689429, 0.00412558056760892, 0.004105407815796644, 0.005559872571021998, 0.005688671293100344, 0.002748436253552965, 0.0020938661576887867, 0.002156364871392211, 0.0018697080955214183, 0.0023928483486356364, 0.0020445082425430516, 0.0029117720224299546, 0.0031345075609086662, 0.0025223819190583804, 0.002059998882678436, 0.004788701252780651, 0.0034679220750453814, 0.003156474990663228, 0.0029539989195119104, 0.004541338595416643, 0.005400099058789908, 0.004484383831935486, 0.0029399267530884313, 0.0034744839873192337, 0.004438576409677439, 0.0022878699705612495, 0.0026275797895925334, 0.0014956361175070827, 0.0012681856109830374, 0.001061850200535604, 0.0011135700389428827, 0.0024377646421392786, 0.001616792680685041, 0.0012354033686178402, 0.0013718301063589582]
Mean mse_out_median: 0.0032068373296051654
Median: mse_out_median: 0.0029469628363001706
ssim_distorted_mean: [0.9655305194127171, 0.9532825808302404, 0.9610852857453192, 0.9554772311293861, 0.9655558589002301, 0.9555568055102615, 0.9670959265252823, 0.9683896632274822, 0.9551691679185931, 0.9563836909248257, 0.9550038719471134, 0.9707470932836427, 0.9680860720249713, 0.9714534110126495, 0.9628853630045805, 0.9652208425931411, 0.9594671313339449, 0.9639176367485338, 0.9625764865693837, 0.9684313187393474, 0.955648620450266, 0.9589381408946622, 0.9626999246292426, 0.9627181857208111, 0.9518297234223418, 0.9533707710100661, 0.9575115236164341, 0.960564496972542, 0.9581850595429239, 0.9486677340177398, 0.9623892157066003, 0.9592996018026126, 0.9760615358067998, 0.9771560661682591, 0.9872639652197883, 0.9769620336251528, 0.9641786009462218, 0.975021689600223, 0.9796692183300142, 0.9771258599705853]
Mean ssim_distorted_mean: 0.9639144481208733
Median: ssim_distorted_mean: 0.9627090551750268
ssim_out_mean: [0.9687229954278078, 0.964143496240065, 0.9671432221188792, 0.9664167462893128, 0.9678732822865912, 0.9653419320239507, 0.9709887941402084, 0.9734550955077863, 0.9612715186316572, 0.9648689173092554, 0.9758479890230894, 0.9830327061707245, 0.9824444602639625, 0.9833571778255854, 0.9787292735932305, 0.9806977744791817, 0.9758500913175362, 0.97584311036159, 0.9802337500497339, 0.9824335966569024, 0.9644339452841365, 0.9714978656886017, 0.973439742152863, 0.9788379948502169, 0.9696772674120204, 0.9677333636191265, 0.9707775619157951, 0.9758248294948455, 0.9736006404177829, 0.9650964420006918, 0.9792616335596485, 0.9729451276106631, 0.986529165852182, 0.9888597749463272, 0.9905527032009498, 0.9885123261909771, 0.9771759267609582, 0.9867166618024962, 0.9867380248374046, 0.987747574022748]
Mean ssim_out_mean: 0.975616362533437
Median: ssim_out_mean: 0.9758339699282177
ssim_distorted_median: [0.9651690228285514, 0.9535300340727539, 0.9613882259515465, 0.9553917744222793, 0.9653622862863329, 0.9554856062797448, 0.9670084820244207, 0.9678577651872072, 0.9550269132989206, 0.9561074348158424, 0.9549453063949355, 0.9707119593256788, 0.9680924358264859, 0.9714592422581181, 0.9628842419784345, 0.9651924371618041, 0.9593099092597377, 0.9639162631461953, 0.9625670475997155, 0.9684219857049828, 0.9555695358095789, 0.9591324650107762, 0.9626969449860635, 0.9629246007853094, 0.9514146846250255, 0.953328471575738, 0.9573985918902049, 0.9609386932030486, 0.9579937928732606, 0.9488444521992445, 0.9623160026006059, 0.9590094694625131, 0.975870136528329, 0.9771576212750324, 0.9871091997153937, 0.9768850118194787, 0.9643019529668669, 0.9749146554040177, 0.9795869761809014, 0.9770673373059513]
Mean ssim_distorted_median: 0.9638572242510257
Median: ssim_distorted_median: 0.9627905934822489
ssim_out_median: [0.9684758353963083, 0.9643096759606633, 0.9673874388043036, 0.9663407823842529, 0.9676488672424425, 0.9653063350266863, 0.9708820505139336, 0.9730105958201933, 0.9611933759500451, 0.9646076532072887, 0.9758158834836477, 0.9830303248165411, 0.9824543216104136, 0.9833592890793189, 0.9787313846128027, 0.9807078948025691, 0.9758209808097222, 0.9758693079648182, 0.9802253156674124, 0.9824154080672282, 0.9644995716465454, 0.9715764527491086, 0.9734203794300718, 0.9788141711822279, 0.9694731489507995, 0.9675717416218745, 0.9705401968113248, 0.9758470280757533, 0.9734362980968359, 0.9651774497423155, 0.9792001845537543, 0.9727319842000536, 0.9862507836143419, 0.9888831195009766, 0.9904458882454228, 0.9884595385271299, 0.9773108758278746, 0.9865979658657854, 0.986652699660359, 0.987667819956157]
Mean ssim_out_median: 0.9755537504869827
Median: ssim_out_median: 0.975818432146685
Mean compute time per sample in seconds: 2.377146050004929e-06
