

METRICS REPORT

correlation_distorted_mean: [0.7972887892187266, 0.7711733480022133, 0.7838008890696745, 0.7514580388730141, 0.8436644369347768, 0.7558907790936973, 0.8279867400484606, 0.8552065668044202, 0.7707694424569176, 0.8016479795934689, 0.7414702923850368, 0.8268358075300629, 0.8269883380389541, 0.8424162462235271, 0.8324543764861219, 0.8264580305004324, 0.8159535939126963, 0.8658631464129581, 0.829957829552272, 0.8350715575412663, 0.8102110270794741, 0.8387979358941723, 0.8114422047537547, 0.7930222304702177, 0.7997262324342421, 0.7874972698959561, 0.8136567275568011, 0.8327279382617732, 0.8240206194410532, 0.8019993206299522, 0.8906891297861489, 0.8949764435777172, 0.9135393068428634, 0.9279969697086062, 0.9687702428781683, 0.9215106456537883, 0.8852262192918193, 0.9077646309978085, 0.9548037017480926, 0.9125302515676122]
Mean correlation_distorted_mean: 0.8373316319287178
Median: correlation_distorted_mean: 0.8274875390437073
correlation_out_mean: [0.8797018309896377, 0.8438297711895947, 0.8721555510298934, 0.8493445927884624, 0.8760897634113147, 0.8434582103475147, 0.8663952758420467, 0.8997823312915331, 0.8606573175625108, 0.8746221659976722, 0.8814114400645069, 0.9324347578953028, 0.9364232705939903, 0.9383279004618724, 0.9512336705113486, 0.9324626195801964, 0.9288380333884128, 0.9366831001420456, 0.9531044897340639, 0.950444003302562, 0.833474247190477, 0.8867400996065047, 0.8547045494657475, 0.9050574460209432, 0.8730449172013833, 0.854447548836198, 0.8668718179731635, 0.894826364881028, 0.8990095511754826, 0.8678117252918176, 0.9509007211582685, 0.9468150505728624, 0.9635534099045219, 0.9756115876551232, 0.9825434964787196, 0.9776904690060803, 0.9440294242250045, 0.9631088372932225, 0.9775206275186389, 0.9670349303273312]
Mean correlation_out_mean: 0.909804922947675
Median: correlation_out_mean: 0.9024198886562381
correlation_distorted_median: [0.9695125971259204, 0.9573471498672925, 0.964611359291438, 0.9353044642882804, 0.98701528665142, 0.9337180229683052, 0.9774421334424372, 0.9882935377731875, 0.938562227965767, 0.9623038250173612, 0.9371518350197742, 0.9706648590332521, 0.96680331601797, 0.9804003766588559, 0.980306506274393, 0.9664419614361137, 0.9671100293204228, 0.9827729648592936, 0.9695093777635564, 0.9678235267414836, 0.984238168737337, 0.9870138596981206, 0.9812081971327906, 0.9724616604193863, 0.9661824319346848, 0.9736759573129546, 0.9818709557663289, 0.9836134822460414, 0.980699542380824, 0.9737341621663674, 0.9860233025570628, 0.9910516856061042, 0.9923553905475772, 0.993544982180135, 0.9963586299785522, 0.9937084363357384, 0.9914143897465199, 0.9918275285016913, 0.9977561435933506, 0.9944894126924796]
Mean correlation_distorted_median: 0.9754080919262643
Median: correlation_distorted_median: 0.9803534414666244
correlation_out_median: [0.9786769135825693, 0.9780410239489974, 0.9759089332491284, 0.9612111954314894, 0.9834761959386937, 0.956884889880864, 0.9797032358616906, 0.9841580824803947, 0.9636436529864728, 0.971481200040431, 0.9796586923898698, 0.9881266572454361, 0.9892827027409535, 0.9905254194433617, 0.994096621469526, 0.9863863750787405, 0.9883788153008048, 0.9909920253530302, 0.9914701583696242, 0.991418270125882, 0.9639134445493982, 0.9808403147602238, 0.9701239401486407, 0.9860931756047606, 0.9835528746695971, 0.9790565135053634, 0.9793607847258112, 0.9829706274137912, 0.9840511734439377, 0.9782947678216611, 0.9942607807192166, 0.9960306605862903, 0.997017432938547, 0.9976735729456695, 0.99828407070913, 0.9978419858046838, 0.9962472537475883, 0.9960192773598829, 0.9967514759771355, 0.9972061813755124]
Mean correlation_out_median: 0.9844777842431199
Median: correlation_out_median: 0.9851256290425776
mse_distorted_mean: [0.005552598365987914, 0.007106935411261671, 0.005891173427182048, 0.0071191881265658475, 0.005384698389904781, 0.007173493775011165, 0.005529575051080785, 0.004868848127229284, 0.006751731175155351, 0.007629417506461304, 0.005332400039946103, 0.003694311690674165, 0.0043316816164920245, 0.003226362210711168, 0.0040393304176004775, 0.0035837584669399926, 0.005035430717000985, 0.005030407708254293, 0.0046987234037918265, 0.00379312203736814, 0.0074293605646777346, 0.006270107930426938, 0.005576953301318014, 0.006209290744660476, 0.007978300348827254, 0.0082500321744447, 0.007051959625887505, 0.006064712243829501, 0.006098091819373574, 0.007824223520124742, 0.004844990343965466, 0.004851898338296663, 0.0032155696719524617, 0.003216465139168908, 0.0015029875435297096, 0.002767106688285518, 0.004622566093968797, 0.00353353418557721, 0.0022803986704882577, 0.0031672111079180647]
Mean mse_distorted_mean: 0.005213223693033521
Median: mse_distorted_mean: 0.005183915378473544
mse_out_mean: [0.0035018806909236978, 0.00495563377269441, 0.0034540148436904812, 0.004509914939037301, 0.0037491217712283414, 0.0047892280034700216, 0.0033839105462265032, 0.0034390464256288593, 0.0044653219990462385, 0.004888170600603656, 0.0026300131370222387, 0.0019488370728936218, 0.0020702579131551993, 0.0017671913977193804, 0.0023478682082336056, 0.0019555535121258496, 0.0029876742965195676, 0.0031647254196632752, 0.0024659759283085707, 0.0019332356202044377, 0.005802522109242163, 0.0037821811266401674, 0.003442756058889529, 0.003027143407810137, 0.004997615795235999, 0.006003599402800383, 0.00507875124669202, 0.0034078317678632284, 0.003573403221766887, 0.004965724639024481, 0.0023526957304730116, 0.002642104219451709, 0.001514577167852139, 0.001327266999461153, 0.0011930875959378197, 0.0011374422880378206, 0.0023143080324145118, 0.0016187783595001104, 0.0012723563866463207, 0.0014300307920746835]
Mean mse_out_mean: 0.003132293811155239
Median: mse_out_mean: 0.003095934413736706
mse_distorted_median: [0.005657513093180777, 0.00711970018572059, 0.005718218176442516, 0.007147552439792107, 0.005383448854972158, 0.007221115286049271, 0.005485172397922118, 0.004856366225504738, 0.0067810562834879655, 0.007629966542565833, 0.005350553731453779, 0.003668966089332544, 0.004337701607722899, 0.003222162490356008, 0.0040363510889809065, 0.003602254789934864, 0.005030528589422456, 0.0050225720326650385, 0.004692399719030399, 0.003791679377483277, 0.007521227225684927, 0.006346320559909462, 0.00555680647824601, 0.006221096330769702, 0.00815458515122508, 0.00830601280918953, 0.007166420818001699, 0.005891696926777499, 0.006056515432158114, 0.0076366175603925415, 0.00485459668287337, 0.00488723056222783, 0.003169905178609478, 0.0032455031872585046, 0.0015088331427784108, 0.0027477493293538153, 0.004648970762362579, 0.003582195811381385, 0.0022828843509976023, 0.003208320568900183]
Mean mse_distorted_median: 0.005218719196777949
Median: mse_distorted_median: 0.0051905411604381176
mse_out_median: [0.0035567407265824974, 0.004963975378056818, 0.003358734287501594, 0.0045195144304457, 0.003753062081254443, 0.004819552696703174, 0.0033645499739797524, 0.0034365235991826006, 0.004481349769803097, 0.004887629662477031, 0.0026359057476131975, 0.0019416261883374076, 0.0020691512089359683, 0.001763939355447196, 0.0023470414525674143, 0.0019594476014150614, 0.002977730855835337, 0.003163004171960705, 0.002464163820617858, 0.001933913841494175, 0.005796629654611234, 0.0038722506857771432, 0.0034229120705133627, 0.00304122337885393, 0.005103194008595027, 0.006035430093133058, 0.005182935218524814, 0.003312728169549374, 0.003557097370719499, 0.004894328773423715, 0.0023579355258713814, 0.002659763829396576, 0.0015063699010937697, 0.001332807334993341, 0.0011960918714833913, 0.0011290949608584793, 0.0023231256086534537, 0.001634242967457256, 0.0012760314232663883, 0.0014509430674096869]
Mean mse_out_median: 0.0031370673191098977
Median: mse_out_median: 0.0031021137754073174
ssim_distorted_mean: [0.9655305194127171, 0.9532825808302404, 0.9610852857453192, 0.9554772311293861, 0.9655558589002301, 0.9555568055102615, 0.9670959265252823, 0.9683896632274822, 0.9551691679185931, 0.9563836909248257, 0.9550038719471134, 0.9707470932836427, 0.9680860720249713, 0.9714534110126495, 0.9628853630045805, 0.9652208425931411, 0.9594671313339449, 0.9639176367485338, 0.9625764865693837, 0.9684313187393474, 0.955648620450266, 0.9589381408946622, 0.9626999246292426, 0.9627181857208111, 0.9518297234223418, 0.9533707710100661, 0.9575115236164341, 0.960564496972542, 0.9581850595429239, 0.9486677340177398, 0.9623892157066003, 0.9592996018026126, 0.9760615358067998, 0.9771560661682591, 0.9872639652197883, 0.9769620336251528, 0.9641786009462218, 0.975021689600223, 0.9796692183300142, 0.9771258599705853]
Mean ssim_distorted_mean: 0.9639144481208733
Median: ssim_distorted_mean: 0.9627090551750268
ssim_out_mean: [0.9745910209287831, 0.9638775727232273, 0.9732762908205594, 0.9686166308041433, 0.9721446481599262, 0.9675934689457877, 0.9749895052125014, 0.9761913556352362, 0.9673368849729675, 0.9688872843819725, 0.9758967584123261, 0.9838296049771594, 0.9828415146069281, 0.9844616082827403, 0.9785917162780693, 0.9815470080790704, 0.976063661375875, 0.9761200318257308, 0.9807229339403103, 0.9835639383808329, 0.96037452572959, 0.9701816260461578, 0.9721273339597558, 0.9792742373358695, 0.967273880579527, 0.9644165448752976, 0.9675693433861517, 0.9729732834528912, 0.9717989701137653, 0.9619449753951976, 0.9789790178987757, 0.9729817705708264, 0.9865396164449335, 0.9883143358605719, 0.989581150436862, 0.9884092605758374, 0.9780922420804167, 0.9865192904770663, 0.9863024456668352, 0.9872850847752698]
Mean ssim_out_mean: 0.9760520593601436
Median: ssim_out_mean: 0.9759802098941006
ssim_distorted_median: [0.9651690228285514, 0.9535300340727539, 0.9613882259515465, 0.9553917744222793, 0.9653622862863329, 0.9554856062797448, 0.9670084820244207, 0.9678577651872072, 0.9550269132989206, 0.9561074348158424, 0.9549453063949355, 0.9707119593256788, 0.9680924358264859, 0.9714592422581181, 0.9628842419784345, 0.9651924371618041, 0.9593099092597377, 0.9639162631461953, 0.9625670475997155, 0.9684219857049828, 0.9555695358095789, 0.9591324650107762, 0.9626969449860635, 0.9629246007853094, 0.9514146846250255, 0.953328471575738, 0.9573985918902049, 0.9609386932030486, 0.9579937928732606, 0.9488444521992445, 0.9623160026006059, 0.9590094694625131, 0.975870136528329, 0.9771576212750324, 0.9871091997153937, 0.9768850118194787, 0.9643019529668669, 0.9749146554040177, 0.9795869761809014, 0.9770673373059513]
Mean ssim_distorted_median: 0.9638572242510257
Median: ssim_distorted_median: 0.9627905934822489
ssim_out_median: [0.974394632012789, 0.9640223710949986, 0.9734437103550306, 0.9685387855594458, 0.9719319133291843, 0.9675612551933677, 0.974881467669096, 0.9757531982642306, 0.9672798276339882, 0.9686439892955143, 0.9758685077882051, 0.9838211830737885, 0.9828476036592384, 0.9844593830341855, 0.9785952547244522, 0.9815703005281926, 0.9760398365263704, 0.9761510846468726, 0.9807146234119304, 0.9835563891726913, 0.9604484754851779, 0.9702680542877387, 0.9721022363844241, 0.9792657255367633, 0.9670353170917929, 0.9642744468088793, 0.9673470757755325, 0.9730260415769278, 0.9716102694295294, 0.9620654971893825, 0.9789207855304654, 0.972763687364413, 0.9862634769900003, 0.9883278645082892, 0.9894649789614247, 0.988348023939904, 0.9782245423206818, 0.9863938812017647, 0.9862219207570593, 0.987205285962483]
Mean ssim_out_median: 0.9759913226019051
Median: ssim_out_median: 0.9758108530262178
Mean compute time per sample in seconds: 2.0224363645920617e-06
