

METRICS REPORT

correlation_distorted_mean: [0.7972887892187266, 0.7711733480022133, 0.7838008890696745, 0.7514580388730141, 0.8436644369347768, 0.7558907790936973, 0.8279867400484606, 0.8552065668044202, 0.7707694424569176, 0.8016479795934689, 0.7414702923850368, 0.8268358075300629, 0.8269883380389541, 0.8424162462235271, 0.8324543764861219, 0.8264580305004324, 0.8159535939126963, 0.8658631464129581, 0.829957829552272, 0.8350715575412663, 0.8102110270794741, 0.8387979358941723, 0.8114422047537547, 0.7930222304702177, 0.7997262324342421, 0.7874972698959561, 0.8136567275568011, 0.8327279382617732, 0.8240206194410532, 0.8019993206299522, 0.8906891297861489, 0.8949764435777172, 0.9135393068428634, 0.9279969697086062, 0.9687702428781683, 0.9215106456537883, 0.8852262192918193, 0.9077646309978085, 0.9548037017480926, 0.9125302515676122]
Mean correlation_distorted_mean: 0.8373316319287178
Median: correlation_distorted_mean: 0.8274875390437073
correlation_out_mean: [0.8670660965251922, 0.8538779780530013, 0.8596777593654654, 0.8483015259616637, 0.8780591761768345, 0.8427136837035674, 0.8631677558383596, 0.8981538843084326, 0.8448746578983403, 0.8635611236212486, 0.8782231169483088, 0.9342196861245643, 0.9347743062643581, 0.931691733911543, 0.9500369480576953, 0.9441419077783466, 0.9279566317023568, 0.9344948820697866, 0.9509734841734857, 0.9382927168972149, 0.8351670906074036, 0.8837216003453995, 0.839388559822658, 0.8923606408247486, 0.8661761364519043, 0.8436254821042247, 0.8604163860669126, 0.8871912666736795, 0.8948360510261278, 0.8570438450102098, 0.9464642560626776, 0.9473970783470669, 0.9638312313635287, 0.975648802035882, 0.9828836806061672, 0.9793227331571548, 0.9432002668625941, 0.960861691836531, 0.9824862933051466, 0.9687387129918021]
Mean correlation_out_mean: 0.9063755215220397
Median: correlation_out_mean: 0.8964949676672802
correlation_distorted_median: [0.9695125971259204, 0.9573471498672925, 0.964611359291438, 0.9353044642882804, 0.98701528665142, 0.9337180229683052, 0.9774421334424372, 0.9882935377731875, 0.938562227965767, 0.9623038250173612, 0.9371518350197742, 0.9706648590332521, 0.96680331601797, 0.9804003766588559, 0.980306506274393, 0.9664419614361137, 0.9671100293204228, 0.9827729648592936, 0.9695093777635564, 0.9678235267414836, 0.984238168737337, 0.9870138596981206, 0.9812081971327906, 0.9724616604193863, 0.9661824319346848, 0.9736759573129546, 0.9818709557663289, 0.9836134822460414, 0.980699542380824, 0.9737341621663674, 0.9860233025570628, 0.9910516856061042, 0.9923553905475772, 0.993544982180135, 0.9963586299785522, 0.9937084363357384, 0.9914143897465199, 0.9918275285016913, 0.9977561435933506, 0.9944894126924796]
Mean correlation_distorted_median: 0.9754080919262643
Median: correlation_distorted_median: 0.9803534414666244
correlation_out_median: [0.9806069470713151, 0.9805499135332255, 0.9755470088723788, 0.962275956680359, 0.9843045834636676, 0.9607551166488619, 0.9774688151911178, 0.9856857953140671, 0.9585261487819917, 0.969281679151194, 0.9793073781398027, 0.9890025523166159, 0.9880344359848469, 0.988785059262185, 0.9935181010097034, 0.9907713141616923, 0.9885024301588146, 0.9915268550073512, 0.9914991418905635, 0.9889723258079639, 0.9701869368505787, 0.9809867171813393, 0.9673865687429865, 0.9872024971588924, 0.9825164798870292, 0.9805422350855743, 0.9750074840759908, 0.9834000447232838, 0.9863707513672475, 0.9771985610138004, 0.9921832168434638, 0.9961339969622138, 0.9967177236683007, 0.9971191503246624, 0.9980529226532443, 0.997373277142128, 0.9963426818867982, 0.9955263196705062, 0.9974620325223685, 0.9970318389313675]
Mean correlation_out_median: 0.9844915748784873
Median: correlation_out_median: 0.98678662426307
mse_distorted_mean: [0.005552598365987914, 0.007106935411261671, 0.005891173427182048, 0.0071191881265658475, 0.005384698389904781, 0.007173493775011165, 0.005529575051080785, 0.004868848127229284, 0.006751731175155351, 0.007629417506461304, 0.005332400039946103, 0.003694311690674165, 0.0043316816164920245, 0.003226362210711168, 0.0040393304176004775, 0.0035837584669399926, 0.005035430717000985, 0.005030407708254293, 0.0046987234037918265, 0.00379312203736814, 0.0074293605646777346, 0.006270107930426938, 0.005576953301318014, 0.006209290744660476, 0.007978300348827254, 0.0082500321744447, 0.007051959625887505, 0.006064712243829501, 0.006098091819373574, 0.007824223520124742, 0.004844990343965466, 0.004851898338296663, 0.0032155696719524617, 0.003216465139168908, 0.0015029875435297096, 0.002767106688285518, 0.004622566093968797, 0.00353353418557721, 0.0022803986704882577, 0.0031672111079180647]
Mean mse_distorted_mean: 0.005213223693033521
Median: mse_distorted_mean: 0.005183915378473544
mse_out_mean: [0.004311709937138792, 0.004580509989575473, 0.004328802641145064, 0.004790168988862879, 0.004608337935253343, 0.00550246127787101, 0.004276560027941374, 0.0038079743754745963, 0.00514481921131259, 0.006055084661348698, 0.0027151102768741627, 0.001965965613601695, 0.002028026471462993, 0.001933864009417559, 0.0023276475680964978, 0.0017801946405116478, 0.0026533331812640887, 0.0030724546189658023, 0.002348265720904511, 0.002163214721818229, 0.005964447413644195, 0.004044645900776991, 0.0040232414152615425, 0.003441887332121839, 0.005266771650958581, 0.006616375524789832, 0.005351580725011361, 0.004273499072564417, 0.004189485103155382, 0.005469614724590653, 0.002539973355707611, 0.002582243017851817, 0.0015926391474034177, 0.0012573587835791279, 0.0011821440545168658, 0.0010382891456762872, 0.0023993543992620425, 0.0015897390384188616, 0.0011880770504466222, 0.0013839423532292243]
Mean mse_out_mean: 0.0033947453769451923
Median: mse_out_mean: 0.0032571709755438204
mse_distorted_median: [0.005657513093180777, 0.00711970018572059, 0.005718218176442516, 0.007147552439792107, 0.005383448854972158, 0.007221115286049271, 0.005485172397922118, 0.004856366225504738, 0.0067810562834879655, 0.007629966542565833, 0.005350553731453779, 0.003668966089332544, 0.004337701607722899, 0.003222162490356008, 0.0040363510889809065, 0.003602254789934864, 0.005030528589422456, 0.0050225720326650385, 0.004692399719030399, 0.003791679377483277, 0.007521227225684927, 0.006346320559909462, 0.00555680647824601, 0.006221096330769702, 0.00815458515122508, 0.00830601280918953, 0.007166420818001699, 0.005891696926777499, 0.006056515432158114, 0.0076366175603925415, 0.00485459668287337, 0.00488723056222783, 0.003169905178609478, 0.0032455031872585046, 0.0015088331427784108, 0.0027477493293538153, 0.004648970762362579, 0.003582195811381385, 0.0022828843509976023, 0.003208320568900183]
Mean mse_distorted_median: 0.005218719196777949
Median: mse_distorted_median: 0.0051905411604381176
mse_out_median: [0.004380164176453857, 0.004593620323264858, 0.004215647059050784, 0.004797583689330979, 0.0046079001708885774, 0.005539726951000258, 0.0042467953335947, 0.0038077345714925192, 0.005161950277099033, 0.0060546213477802435, 0.002719947600461664, 0.0019612844702603435, 0.0020265984148491825, 0.0019315261797277022, 0.0023274753272863203, 0.0017831030378791103, 0.002643581810750314, 0.0030695864801241375, 0.0023472919151827877, 0.0021626092997127765, 0.00596494766372479, 0.004108767059670502, 0.004002171974007222, 0.0034519825424292167, 0.005380335918902121, 0.00665084987008525, 0.005458710509989268, 0.00416684350668298, 0.004165013094067585, 0.0053728149288740186, 0.00254465994182483, 0.002598365721596623, 0.0015849691383588089, 0.0012580545107686854, 0.0011861732932864897, 0.001033148255258731, 0.0024067286872640624, 0.0016021676090337564, 0.00119167060599401, 0.0014028761360453633]
Mean mse_out_median: 0.0033977499851013614
Median: mse_out_median: 0.0032607845112766773
ssim_distorted_mean: [0.9655305194127171, 0.9532825808302404, 0.9610852857453192, 0.9554772311293861, 0.9655558589002301, 0.9555568055102615, 0.9670959265252823, 0.9683896632274822, 0.9551691679185931, 0.9563836909248257, 0.9550038719471134, 0.9707470932836427, 0.9680860720249713, 0.9714534110126495, 0.9628853630045805, 0.9652208425931411, 0.9594671313339449, 0.9639176367485338, 0.9625764865693837, 0.9684313187393474, 0.955648620450266, 0.9589381408946622, 0.9626999246292426, 0.9627181857208111, 0.9518297234223418, 0.9533707710100661, 0.9575115236164341, 0.960564496972542, 0.9581850595429239, 0.9486677340177398, 0.9623892157066003, 0.9592996018026126, 0.9760615358067998, 0.9771560661682591, 0.9872639652197883, 0.9769620336251528, 0.9641786009462218, 0.975021689600223, 0.9796692183300142, 0.9771258599705853]
Mean ssim_distorted_mean: 0.9639144481208733
Median: ssim_distorted_mean: 0.9627090551750268
ssim_out_mean: [0.9712373362099818, 0.9657503504885656, 0.9687503522057609, 0.9666181294541155, 0.9686153763837536, 0.9645345076989009, 0.9719225305138426, 0.9750189713618653, 0.9632151460082721, 0.9636889784176061, 0.9756296498298226, 0.9841076404962769, 0.983162152997059, 0.9837130478572846, 0.9789121473062116, 0.9832163858755555, 0.976905050799276, 0.9763862501805289, 0.9808618695289347, 0.981819222244908, 0.9603637246080876, 0.9685647980639598, 0.9681046132516892, 0.9760937373518286, 0.96600286395184, 0.9607633124725693, 0.9644573527237247, 0.9690007454586557, 0.9688268538595256, 0.9593269377914879, 0.9771491447558275, 0.9731872437650408, 0.9861128798573188, 0.9886550342168158, 0.9892749098841412, 0.9892413184316646, 0.9773309600397581, 0.9868034369933986, 0.9866965071750841, 0.9876071521785055]
Mean ssim_out_mean: 0.9746907155672361
Median: ssim_out_mean: 0.975324310595844
ssim_distorted_median: [0.9651690228285514, 0.9535300340727539, 0.9613882259515465, 0.9553917744222793, 0.9653622862863329, 0.9554856062797448, 0.9670084820244207, 0.9678577651872072, 0.9550269132989206, 0.9561074348158424, 0.9549453063949355, 0.9707119593256788, 0.9680924358264859, 0.9714592422581181, 0.9628842419784345, 0.9651924371618041, 0.9593099092597377, 0.9639162631461953, 0.9625670475997155, 0.9684219857049828, 0.9555695358095789, 0.9591324650107762, 0.9626969449860635, 0.9629246007853094, 0.9514146846250255, 0.953328471575738, 0.9573985918902049, 0.9609386932030486, 0.9579937928732606, 0.9488444521992445, 0.9623160026006059, 0.9590094694625131, 0.975870136528329, 0.9771576212750324, 0.9871091997153937, 0.9768850118194787, 0.9643019529668669, 0.9749146554040177, 0.9795869761809014, 0.9770673373059513]
Mean ssim_distorted_median: 0.9638572242510257
Median: ssim_distorted_median: 0.9627905934822489
ssim_out_median: [0.9710171634260559, 0.965894399610546, 0.9689933120885561, 0.9665283561476361, 0.9683926205772686, 0.9644794011134467, 0.9718125518650593, 0.97459442714024, 0.9631368436969714, 0.9634345896111813, 0.9756082637462081, 0.9841005349276986, 0.983166690346833, 0.9837087146063208, 0.9789173199295089, 0.9832360265563391, 0.9768800826764167, 0.9764134007292014, 0.9808504783423693, 0.9818139816280556, 0.960448806844042, 0.968652891600615, 0.9680856844096934, 0.9761486099975348, 0.9657517325609292, 0.9606381831683296, 0.9642259862390828, 0.9690466592012572, 0.9686548312710781, 0.9594462823645321, 0.9770816339020707, 0.9729654661197744, 0.9858219315467341, 0.9886873047497226, 0.989155445270126, 0.9891939097774702, 0.9774601350353748, 0.9866796132332464, 0.98661190305333, 0.9875290651737229]
Mean ssim_out_median: 0.9746316308571146
Median: ssim_out_median: 0.975101345443224
Mean compute time per sample in seconds: 4.015209546976661e-06
