

METRICS REPORT

correlation_distorted_mean: [0.7972887892187266, 0.7711733480022133, 0.7838008890696745, 0.7514580388730141, 0.8436644369347768, 0.7558907790936973, 0.8279867400484606, 0.8552065668044202, 0.7707694424569176, 0.8016479795934689, 0.7414702923850368, 0.8268358075300629, 0.8269883380389541, 0.8424162462235271, 0.8324543764861219, 0.8264580305004324, 0.8159535939126963, 0.8658631464129581, 0.829957829552272, 0.8350715575412663, 0.8102110270794741, 0.8387979358941723, 0.8114422047537547, 0.7930222304702177, 0.7997262324342421, 0.7874972698959561, 0.8136567275568011, 0.8327279382617732, 0.8240206194410532, 0.8019993206299522, 0.8906891297861489, 0.8949764435777172, 0.9135393068428634, 0.9279969697086062, 0.9687702428781683, 0.9215106456537883, 0.8852262192918193, 0.9077646309978085, 0.9548037017480926, 0.9125302515676122]
Mean correlation_distorted_mean: 0.8373316319287178
Median: correlation_distorted_mean: 0.8274875390437073
correlation_out_mean: [0.8486990880213471, 0.832873807684255, 0.8462997024436644, 0.8279143610070897, 0.8603770312819308, 0.8297717730157492, 0.8433292652090983, 0.890715617308869, 0.8401695611664002, 0.8589674773461731, 0.8821307284250995, 0.9307094136977192, 0.925474268802552, 0.92206458840133, 0.9420758777219469, 0.9403024251767739, 0.922798332805092, 0.931915204675313, 0.9421971723507123, 0.9356038310926678, 0.8406642296501816, 0.8793495572999058, 0.8501374654113714, 0.8928262714927658, 0.8680371630544773, 0.8579017524251581, 0.8690201364779294, 0.8988927429492065, 0.908958180756488, 0.8713590822664233, 0.949301546601301, 0.9438227410237402, 0.9614481721230276, 0.9765169405627059, 0.9805594576724757, 0.9790671129095107, 0.9457871612581316, 0.963466777761181, 0.9773067875018994, 0.9664696083567282]
Mean correlation_out_mean: 0.9033820603797096
Median: correlation_out_mean: 0.9039254618528473
correlation_distorted_median: [0.9695125971259204, 0.9573471498672925, 0.964611359291438, 0.9353044642882804, 0.98701528665142, 0.9337180229683052, 0.9774421334424372, 0.9882935377731875, 0.938562227965767, 0.9623038250173612, 0.9371518350197742, 0.9706648590332521, 0.96680331601797, 0.9804003766588559, 0.980306506274393, 0.9664419614361137, 0.9671100293204228, 0.9827729648592936, 0.9695093777635564, 0.9678235267414836, 0.984238168737337, 0.9870138596981206, 0.9812081971327906, 0.9724616604193863, 0.9661824319346848, 0.9736759573129546, 0.9818709557663289, 0.9836134822460414, 0.980699542380824, 0.9737341621663674, 0.9860233025570628, 0.9910516856061042, 0.9923553905475772, 0.993544982180135, 0.9963586299785522, 0.9937084363357384, 0.9914143897465199, 0.9918275285016913, 0.9977561435933506, 0.9944894126924796]
Mean correlation_distorted_median: 0.9754080919262643
Median: correlation_distorted_median: 0.9803534414666244
correlation_out_median: [0.9716787914844393, 0.9728988203563447, 0.9644070080246663, 0.9510558976215104, 0.9772379416165083, 0.9562117720961341, 0.9702991468077836, 0.984532163296678, 0.9567206157844768, 0.9686490155911736, 0.9798463024659076, 0.9903453876217916, 0.98583537915681, 0.9872563548972954, 0.9920720519219843, 0.9887873572112849, 0.9853993875732909, 0.9889078873507144, 0.9871183479291382, 0.9884248068119075, 0.973758292737738, 0.9800442536551106, 0.9722932174193568, 0.9852084827874454, 0.9849724304558795, 0.9845735414683715, 0.9812303614895632, 0.9846399589717615, 0.9886650275459796, 0.9823555321023322, 0.9928066939867846, 0.9954832243400613, 0.995694317822049, 0.997053103205062, 0.997143915642936, 0.9974758912411602, 0.9960788395725685, 0.9956987729477628, 0.9960978024836601, 0.9964056671943609]
Mean correlation_out_median: 0.9831340940672446
Median: correlation_out_median: 0.9853039351803682
mse_distorted_mean: [0.005552598365987914, 0.007106935411261671, 0.005891173427182048, 0.0071191881265658475, 0.005384698389904781, 0.007173493775011165, 0.005529575051080785, 0.004868848127229284, 0.006751731175155351, 0.007629417506461304, 0.005332400039946103, 0.003694311690674165, 0.0043316816164920245, 0.003226362210711168, 0.0040393304176004775, 0.0035837584669399926, 0.005035430717000985, 0.005030407708254293, 0.0046987234037918265, 0.00379312203736814, 0.0074293605646777346, 0.006270107930426938, 0.005576953301318014, 0.006209290744660476, 0.007978300348827254, 0.0082500321744447, 0.007051959625887505, 0.006064712243829501, 0.006098091819373574, 0.007824223520124742, 0.004844990343965466, 0.004851898338296663, 0.0032155696719524617, 0.003216465139168908, 0.0015029875435297096, 0.002767106688285518, 0.004622566093968797, 0.00353353418557721, 0.0022803986704882577, 0.0031672111079180647]
Mean mse_distorted_mean: 0.005213223693033521
Median: mse_distorted_mean: 0.005183915378473544
mse_out_mean: [0.004578202542514951, 0.0051053829398911895, 0.004228223859423731, 0.004978450827274346, 0.004754416478980643, 0.005969983405774837, 0.004480910831999137, 0.004181961509138518, 0.005526597505653942, 0.005886946857855802, 0.002683882433305063, 0.0019033438038316445, 0.002210468371311596, 0.0020590918490576713, 0.0023554816877775194, 0.001973279846772623, 0.0029175259364273994, 0.003175347877777542, 0.0024968721167993205, 0.00208657739814291, 0.006551748425481947, 0.0044928206838481715, 0.004091701826828189, 0.003714561849755915, 0.005684235655243752, 0.006343679886975877, 0.005664728246140778, 0.0037655223511271737, 0.003844700183409954, 0.00538011149876717, 0.0024601949535048703, 0.002719723907613636, 0.0015937568342968003, 0.0013320463968080232, 0.0013175715378544238, 0.0010497537226637898, 0.0023160129448988077, 0.0016379218235398152, 0.0013119250935699177, 0.0014237024394233848]
Mean mse_out_mean: 0.0035062342085365695
Median: mse_out_mean: 0.0034449548637667284
mse_distorted_median: [0.005657513093180777, 0.00711970018572059, 0.005718218176442516, 0.007147552439792107, 0.005383448854972158, 0.007221115286049271, 0.005485172397922118, 0.004856366225504738, 0.0067810562834879655, 0.007629966542565833, 0.005350553731453779, 0.003668966089332544, 0.004337701607722899, 0.003222162490356008, 0.0040363510889809065, 0.003602254789934864, 0.005030528589422456, 0.0050225720326650385, 0.004692399719030399, 0.003791679377483277, 0.007521227225684927, 0.006346320559909462, 0.00555680647824601, 0.006221096330769702, 0.00815458515122508, 0.00830601280918953, 0.007166420818001699, 0.005891696926777499, 0.006056515432158114, 0.0076366175603925415, 0.00485459668287337, 0.00488723056222783, 0.003169905178609478, 0.0032455031872585046, 0.0015088331427784108, 0.0027477493293538153, 0.004648970762362579, 0.003582195811381385, 0.0022828843509976023, 0.003208320568900183]
Mean mse_distorted_median: 0.005218719196777949
Median: mse_distorted_median: 0.0051905411604381176
mse_out_median: [0.004652061074991503, 0.005100448295407499, 0.004124605661355935, 0.004990303878721605, 0.004762417443211708, 0.006009622451748705, 0.004453580593933846, 0.004183414585271018, 0.0055423819377572675, 0.005883934333082439, 0.002687344244333905, 0.001890996894556071, 0.0022110371206278834, 0.0020561140053087243, 0.002354501743541651, 0.0019755393090629195, 0.002904082373424573, 0.003173692598101717, 0.0024953872155891563, 0.0020878957984182757, 0.006572353567612736, 0.0045591730527674255, 0.004072933875167812, 0.0037225274135302697, 0.005789201596146477, 0.006383668679331591, 0.005702024407572422, 0.0036656668047572996, 0.0038388443158995406, 0.0053166197569743424, 0.0024646778298092905, 0.0027376550050770354, 0.0015865074791796352, 0.0013325979240090867, 0.0013228475980827704, 0.0010458844184139586, 0.0023234735738645327, 0.0016491752773640641, 0.0013154100288105387, 0.0014446523098538774]
Mean mse_out_median: 0.0035096314118167778
Median: mse_out_median: 0.0034196797014295083
ssim_distorted_mean: [0.9655305194127171, 0.9532825808302404, 0.9610852857453192, 0.9554772311293861, 0.9655558589002301, 0.9555568055102615, 0.9670959265252823, 0.9683896632274822, 0.9551691679185931, 0.9563836909248257, 0.9550038719471134, 0.9707470932836427, 0.9680860720249713, 0.9714534110126495, 0.9628853630045805, 0.9652208425931411, 0.9594671313339449, 0.9639176367485338, 0.9625764865693837, 0.9684313187393474, 0.955648620450266, 0.9589381408946622, 0.9626999246292426, 0.9627181857208111, 0.9518297234223418, 0.9533707710100661, 0.9575115236164341, 0.960564496972542, 0.9581850595429239, 0.9486677340177398, 0.9623892157066003, 0.9592996018026126, 0.9760615358067998, 0.9771560661682591, 0.9872639652197883, 0.9769620336251528, 0.9641786009462218, 0.975021689600223, 0.9796692183300142, 0.9771258599705853]
Mean ssim_distorted_mean: 0.9639144481208733
Median: ssim_distorted_mean: 0.9627090551750268
ssim_out_mean: [0.9684177803958595, 0.9624060401806906, 0.9672347052537741, 0.9643557753376547, 0.9669319822311624, 0.9625688954449269, 0.9690560533791006, 0.9730487370562615, 0.9615626225392468, 0.9641043975595942, 0.9760460757447851, 0.9845448461822055, 0.9815975842092547, 0.9822577137110295, 0.9785924616555233, 0.9819294466564689, 0.975651627944718, 0.9758213969899772, 0.979624460215663, 0.9820491124419114, 0.9589738544549694, 0.9666837252343298, 0.9687916748010843, 0.9758798406597697, 0.9651451988844232, 0.9633262477084742, 0.965591795363717, 0.9723157764976623, 0.9721336555586184, 0.9611034692265205, 0.9785467074538243, 0.9726576961232494, 0.9858056092776898, 0.9879610721383592, 0.9882307488398363, 0.9890843531219019, 0.9780422824659839, 0.9866420416754261, 0.9860303720797834, 0.9874019463769759]
Mean ssim_out_mean: 0.9742037445768101
Median: ssim_out_mean: 0.9743501825004898
ssim_distorted_median: [0.9651690228285514, 0.9535300340727539, 0.9613882259515465, 0.9553917744222793, 0.9653622862863329, 0.9554856062797448, 0.9670084820244207, 0.9678577651872072, 0.9550269132989206, 0.9561074348158424, 0.9549453063949355, 0.9707119593256788, 0.9680924358264859, 0.9714592422581181, 0.9628842419784345, 0.9651924371618041, 0.9593099092597377, 0.9639162631461953, 0.9625670475997155, 0.9684219857049828, 0.9555695358095789, 0.9591324650107762, 0.9626969449860635, 0.9629246007853094, 0.9514146846250255, 0.953328471575738, 0.9573985918902049, 0.9609386932030486, 0.9579937928732606, 0.9488444521992445, 0.9623160026006059, 0.9590094694625131, 0.975870136528329, 0.9771576212750324, 0.9871091997153937, 0.9768850118194787, 0.9643019529668669, 0.9749146554040177, 0.9795869761809014, 0.9770673373059513]
Mean ssim_distorted_median: 0.9638572242510257
Median: ssim_distorted_median: 0.9627905934822489
ssim_out_median: [0.9681561040075405, 0.9625405678209922, 0.9674596818111185, 0.9642526400715243, 0.9667126966699445, 0.9625356367987048, 0.9689329733431857, 0.9726302061197731, 0.96148346351834, 0.963851422530579, 0.9760252509170355, 0.9845434732644859, 0.9816025705580496, 0.9822538340516416, 0.9785935064431937, 0.9819503303763482, 0.9756131126525889, 0.9758500782709099, 0.9796133683150494, 0.9820433349762948, 0.9590447173763739, 0.9667834645963023, 0.9687668436465642, 0.9759391990211088, 0.964921660836314, 0.9631827737123871, 0.9654465377344223, 0.9723684766875551, 0.9719686717916841, 0.9612391382981911, 0.9784863146627674, 0.9724372899474797, 0.9855147359318508, 0.9879648148019294, 0.9881020279138981, 0.989033100907226, 0.9781571861355303, 0.9865209791082998, 0.9859451691977061, 0.9873182934359004]
Mean ssim_out_median: 0.9741446412065198
Median: ssim_out_median: 0.974121659386181
Mean compute time per sample in seconds: 1.9516328155806388e-06
