

METRICS REPORT

correlation_distorted_mean: [0.7972887892187266, 0.7711733480022133, 0.7838008890696745, 0.7514580388730141, 0.8436644369347768, 0.7558907790936973, 0.8279867400484606, 0.8552065668044202, 0.7707694424569176, 0.8016479795934689, 0.7414702923850368, 0.8268358075300629, 0.8269883380389541, 0.8424162462235271, 0.8324543764861219, 0.8264580305004324, 0.8159535939126963, 0.8658631464129581, 0.829957829552272, 0.8350715575412663, 0.8102110270794741, 0.8387979358941723, 0.8114422047537547, 0.7930222304702177, 0.7997262324342421, 0.7874972698959561, 0.8136567275568011, 0.8327279382617732, 0.8240206194410532, 0.8019993206299522, 0.8906891297861489, 0.8949764435777172, 0.9135393068428634, 0.9279969697086062, 0.9687702428781683, 0.9215106456537883, 0.8852262192918193, 0.9077646309978085, 0.9548037017480926, 0.9125302515676122]
Mean correlation_distorted_mean: 0.8373316319287178
Median: correlation_distorted_mean: 0.8274875390437073
correlation_out_mean: [0.8760754995045813, 0.8504934400160891, 0.8620658464153166, 0.8471076168783656, 0.882915671382031, 0.8489156351618136, 0.8622025475258587, 0.9061783515691855, 0.8610542143829143, 0.8669274771062817, 0.8722022164700547, 0.9373517380406299, 0.9409953150868292, 0.9391883566004874, 0.954158300144783, 0.9366556286103077, 0.9279151855677823, 0.9423292468932766, 0.952616263672662, 0.9509047823203327, 0.8610609389700541, 0.9026647671122227, 0.8636976627799255, 0.9050972203755075, 0.8814431138405122, 0.8618884393876269, 0.8779305146220326, 0.9074884264496429, 0.9137872127856561, 0.8733578363046586, 0.9474505330485657, 0.9449382749260551, 0.9626084965968317, 0.9747656810792845, 0.9866002932792616, 0.9756382891890009, 0.9408388170891907, 0.9595712073325268, 0.9802239650292547, 0.9635071187287275]
Mean correlation_out_mean: 0.912570303556903
Median: correlation_out_mean: 0.9106378196176494
correlation_distorted_median: [0.9695125971259204, 0.9573471498672925, 0.964611359291438, 0.9353044642882804, 0.98701528665142, 0.9337180229683052, 0.9774421334424372, 0.9882935377731875, 0.938562227965767, 0.9623038250173612, 0.9371518350197742, 0.9706648590332521, 0.96680331601797, 0.9804003766588559, 0.980306506274393, 0.9664419614361137, 0.9671100293204228, 0.9827729648592936, 0.9695093777635564, 0.9678235267414836, 0.984238168737337, 0.9870138596981206, 0.9812081971327906, 0.9724616604193863, 0.9661824319346848, 0.9736759573129546, 0.9818709557663289, 0.9836134822460414, 0.980699542380824, 0.9737341621663674, 0.9860233025570628, 0.9910516856061042, 0.9923553905475772, 0.993544982180135, 0.9963586299785522, 0.9937084363357384, 0.9914143897465199, 0.9918275285016913, 0.9977561435933506, 0.9944894126924796]
Mean correlation_distorted_median: 0.9754080919262643
Median: correlation_distorted_median: 0.9803534414666244
correlation_out_median: [0.9820979056747086, 0.979799461999629, 0.975479109711054, 0.9630315143835562, 0.9840099010218802, 0.9595916565681845, 0.9748296890537034, 0.9861664263363425, 0.9683201475941986, 0.9706808962690907, 0.9785489682021508, 0.9908089748368174, 0.9886622033227596, 0.9907119919136836, 0.9936767582816555, 0.9880439271553446, 0.98840671970582, 0.992584370124632, 0.9922271014131919, 0.9909197185519333, 0.9786751248718568, 0.9860243862210435, 0.9773645932544281, 0.9895680589330654, 0.9885104101138745, 0.985727338786181, 0.9828524713851945, 0.9903786829487299, 0.9894985067795594, 0.9828217046193719, 0.9928417556147341, 0.9964332161138278, 0.9969069971666278, 0.9973878755140599, 0.9982072164122722, 0.9974068195943858, 0.9967773009499384, 0.9963018904394076, 0.997112203361894, 0.9967981992283801]
Mean correlation_out_median: 0.9864048048607291
Median: correlation_out_median: 0.988586306718317
mse_distorted_mean: [0.005552598365987914, 0.007106935411261671, 0.005891173427182048, 0.0071191881265658475, 0.005384698389904781, 0.007173493775011165, 0.005529575051080785, 0.004868848127229284, 0.006751731175155351, 0.007629417506461304, 0.005332400039946103, 0.003694311690674165, 0.0043316816164920245, 0.003226362210711168, 0.0040393304176004775, 0.0035837584669399926, 0.005035430717000985, 0.005030407708254293, 0.0046987234037918265, 0.00379312203736814, 0.0074293605646777346, 0.006270107930426938, 0.005576953301318014, 0.006209290744660476, 0.007978300348827254, 0.0082500321744447, 0.007051959625887505, 0.006064712243829501, 0.006098091819373574, 0.007824223520124742, 0.004844990343965466, 0.004851898338296663, 0.0032155696719524617, 0.003216465139168908, 0.0015029875435297096, 0.002767106688285518, 0.004622566093968797, 0.00353353418557721, 0.0022803986704882577, 0.0031672111079180647]
Mean mse_distorted_mean: 0.005213223693033521
Median: mse_distorted_mean: 0.005183915378473544
mse_out_mean: [0.003792141515424188, 0.0044255306271427, 0.003789016028584765, 0.00460802490586936, 0.003952184935047912, 0.0051290796316548195, 0.003917782083411823, 0.0033530638317360805, 0.004667738525449724, 0.00535012897387677, 0.0027629605014977466, 0.0018702292861082557, 0.00207987671196966, 0.0018381312170834012, 0.002139624283036013, 0.0018785546322602816, 0.00299283421865704, 0.003057411127324137, 0.0022897794533563794, 0.0018663709852426835, 0.005326885535408539, 0.0035863874236518965, 0.003589268091098137, 0.003085017739693459, 0.004909107183489632, 0.006119525257992707, 0.0050552848925574, 0.0034755618793378988, 0.0035445815873242584, 0.005041828249429478, 0.002418300650072181, 0.0026617939477558703, 0.0015332906370099, 0.001330163893171913, 0.0008843240557235873, 0.001147688957005422, 0.002450186259295924, 0.0016297940549541503, 0.0012117681755838957, 0.0014757181973587645]
Mean mse_out_mean: 0.003155923503566219
Median: mse_out_mean: 0.003071214433508798
mse_distorted_median: [0.005657513093180777, 0.00711970018572059, 0.005718218176442516, 0.007147552439792107, 0.005383448854972158, 0.007221115286049271, 0.005485172397922118, 0.004856366225504738, 0.0067810562834879655, 0.007629966542565833, 0.005350553731453779, 0.003668966089332544, 0.004337701607722899, 0.003222162490356008, 0.0040363510889809065, 0.003602254789934864, 0.005030528589422456, 0.0050225720326650385, 0.004692399719030399, 0.003791679377483277, 0.007521227225684927, 0.006346320559909462, 0.00555680647824601, 0.006221096330769702, 0.00815458515122508, 0.00830601280918953, 0.007166420818001699, 0.005891696926777499, 0.006056515432158114, 0.0076366175603925415, 0.00485459668287337, 0.00488723056222783, 0.003169905178609478, 0.0032455031872585046, 0.0015088331427784108, 0.0027477493293538153, 0.004648970762362579, 0.003582195811381385, 0.0022828843509976023, 0.003208320568900183]
Mean mse_distorted_median: 0.005218719196777949
Median: mse_distorted_median: 0.0051905411604381176
mse_out_median: [0.0038488012791121117, 0.0044316405190183645, 0.0036993375872609938, 0.004616994741092569, 0.003957186587494915, 0.005160157587768077, 0.003890632325811014, 0.0033523164831817903, 0.004684663765308614, 0.005349639914115299, 0.002768315496211794, 0.0018619023074344983, 0.0020808331234192486, 0.001835568430118497, 0.0021386572620250453, 0.0018795949458607908, 0.0029835374511399102, 0.003055410246930983, 0.002289595212670713, 0.001867095685614197, 0.005319092179501854, 0.003659231967561238, 0.0035724028387573792, 0.0031002502565242885, 0.005013571565009486, 0.006157338017893036, 0.00518919987733843, 0.0033936539198499748, 0.0035333889544927497, 0.005005864439960501, 0.0024218964358042262, 0.0026787504778909388, 0.001525725907322046, 0.0013356813450265772, 0.0008862145802106848, 0.001139385224723783, 0.0024584729453354525, 0.0016438884978590548, 0.0012149791118863046, 0.0014969712570269663]
Mean mse_out_median: 0.0031624460187891098
Median: mse_out_median: 0.003077830251727636
ssim_distorted_mean: [0.9655305194127171, 0.9532825808302404, 0.9610852857453192, 0.9554772311293861, 0.9655558589002301, 0.9555568055102615, 0.9670959265252823, 0.9683896632274822, 0.9551691679185931, 0.9563836909248257, 0.9550038719471134, 0.9707470932836427, 0.9680860720249713, 0.9714534110126495, 0.9628853630045805, 0.9652208425931411, 0.9594671313339449, 0.9639176367485338, 0.9625764865693837, 0.9684313187393474, 0.955648620450266, 0.9589381408946622, 0.9626999246292426, 0.9627181857208111, 0.9518297234223418, 0.9533707710100661, 0.9575115236164341, 0.960564496972542, 0.9581850595429239, 0.9486677340177398, 0.9623892157066003, 0.9592996018026126, 0.9760615358067998, 0.9771560661682591, 0.9872639652197883, 0.9769620336251528, 0.9641786009462218, 0.975021689600223, 0.9796692183300142, 0.9771258599705853]
Mean ssim_distorted_mean: 0.9639144481208733
Median: ssim_distorted_mean: 0.9627090551750268
ssim_out_mean: [0.9730852693800058, 0.9670266347704348, 0.9711178717881676, 0.9675552405303057, 0.9715421271546676, 0.9659672221242285, 0.9727633384268461, 0.9773697175819978, 0.9669068800976427, 0.9670691316356917, 0.9748043552129284, 0.9846244561775551, 0.9832031818808077, 0.9843200532260392, 0.9801910123056903, 0.9818944380973447, 0.975558306120657, 0.9771060388364545, 0.9812998121929909, 0.9841041036268324, 0.9643374542029943, 0.9719696461319713, 0.9722694038027817, 0.9795237980326407, 0.969287558865066, 0.9651067503451605, 0.9676957149499814, 0.9740862468030091, 0.9733526531631386, 0.9625429874878865, 0.9784005701333471, 0.9728938697446883, 0.9864989875769042, 0.9883319498045658, 0.9923346814613845, 0.9883896792699856, 0.9774623101197302, 0.9866327297943641, 0.9868749517463118, 0.9873188562503625]
Mean ssim_out_mean: 0.9763204997713391
Median: ssim_out_mean: 0.9751813306667927
ssim_distorted_median: [0.9651690228285514, 0.9535300340727539, 0.9613882259515465, 0.9553917744222793, 0.9653622862863329, 0.9554856062797448, 0.9670084820244207, 0.9678577651872072, 0.9550269132989206, 0.9561074348158424, 0.9549453063949355, 0.9707119593256788, 0.9680924358264859, 0.9714592422581181, 0.9628842419784345, 0.9651924371618041, 0.9593099092597377, 0.9639162631461953, 0.9625670475997155, 0.9684219857049828, 0.9555695358095789, 0.9591324650107762, 0.9626969449860635, 0.9629246007853094, 0.9514146846250255, 0.953328471575738, 0.9573985918902049, 0.9609386932030486, 0.9579937928732606, 0.9488444521992445, 0.9623160026006059, 0.9590094694625131, 0.975870136528329, 0.9771576212750324, 0.9871091997153937, 0.9768850118194787, 0.9643019529668669, 0.9749146554040177, 0.9795869761809014, 0.9770673373059513]
Mean ssim_distorted_median: 0.9638572242510257
Median: ssim_distorted_median: 0.9627905934822489
ssim_out_median: [0.9728797701501695, 0.9671810975912355, 0.9713170537391443, 0.9674711715109314, 0.971331241364243, 0.965934444296561, 0.9726549393557563, 0.9769731289513145, 0.9668441021171539, 0.966823890862563, 0.9747779561918722, 0.9846188406274139, 0.9832055484389315, 0.9843146323364382, 0.9801937724448428, 0.9819177465855186, 0.9755228548966413, 0.9771278443371447, 0.9812922000158617, 0.9840963956063439, 0.964393351707763, 0.9720677601685863, 0.9722501043491756, 0.9795300335770996, 0.9690689732761941, 0.9649460523419351, 0.9674278136877374, 0.9740536276267322, 0.9731879855105332, 0.9626571602398235, 0.9783490649548078, 0.972671157472795, 0.9862262076385105, 0.9883283478487205, 0.9922359762081393, 0.9883461913306323, 0.9775775409713916, 0.9865039959074287, 0.986789730526646, 0.9872436851226882]
Mean ssim_out_median: 0.9762583347971855
Median: ssim_out_median: 0.9751504055442568
Mean compute time per sample in seconds: 3.829032464734387e-06
