

METRICS REPORT

correlation_distorted_mean: [0.7972887892187266, 0.7711733480022133, 0.7838008890696745, 0.7514580388730141, 0.8436644369347768, 0.7558907790936973, 0.8279867400484606, 0.8552065668044202, 0.7707694424569176, 0.8016479795934689, 0.7414702923850368, 0.8268358075300629, 0.8269883380389541, 0.8424162462235271, 0.8324543764861219, 0.8264580305004324, 0.8159535939126963, 0.8658631464129581, 0.829957829552272, 0.8350715575412663, 0.8102110270794741, 0.8387979358941723, 0.8114422047537547, 0.7930222304702177, 0.7997262324342421, 0.7874972698959561, 0.8136567275568011, 0.8327279382617732, 0.8240206194410532, 0.8019993206299522, 0.8906891297861489, 0.8949764435777172, 0.9135393068428634, 0.9279969697086062, 0.9687702428781683, 0.9215106456537883, 0.8852262192918193, 0.9077646309978085, 0.9548037017480926, 0.9125302515676122]
Mean correlation_distorted_mean: 0.8373316319287178
Median: correlation_distorted_mean: 0.8274875390437073
correlation_out_mean: [0.8566004334699691, 0.8384450760671767, 0.860594084251093, 0.8501467436760652, 0.8535766415098976, 0.841644054420173, 0.8449666945917959, 0.8755970900304487, 0.8459641876076761, 0.8646938375835234, 0.8767666874426108, 0.9294371158676488, 0.934085937063673, 0.9286297791096647, 0.9449054100509082, 0.9351859896144926, 0.9194919392483634, 0.932615185791818, 0.944625149728743, 0.9392389671893658, 0.8316935153468173, 0.8860908676124869, 0.8525560116333388, 0.8943262781565057, 0.8669159832768317, 0.8456652329334604, 0.8632832994916803, 0.8907303237488335, 0.9029788443208862, 0.866432941369319, 0.9505981043656568, 0.9469296066507282, 0.9636337432885044, 0.9759954562019548, 0.9836426960560819, 0.9753453814716821, 0.9433582516570478, 0.9597243271513087, 0.9824173588667097, 0.9650456117045911]
Mean correlation_out_mean: 0.9041143709904883
Median: correlation_out_mean: 0.898652561238696
correlation_distorted_median: [0.9695125971259204, 0.9573471498672925, 0.964611359291438, 0.9353044642882804, 0.98701528665142, 0.9337180229683052, 0.9774421334424372, 0.9882935377731875, 0.938562227965767, 0.9623038250173612, 0.9371518350197742, 0.9706648590332521, 0.96680331601797, 0.9804003766588559, 0.980306506274393, 0.9664419614361137, 0.9671100293204228, 0.9827729648592936, 0.9695093777635564, 0.9678235267414836, 0.984238168737337, 0.9870138596981206, 0.9812081971327906, 0.9724616604193863, 0.9661824319346848, 0.9736759573129546, 0.9818709557663289, 0.9836134822460414, 0.980699542380824, 0.9737341621663674, 0.9860233025570628, 0.9910516856061042, 0.9923553905475772, 0.993544982180135, 0.9963586299785522, 0.9937084363357384, 0.9914143897465199, 0.9918275285016913, 0.9977561435933506, 0.9944894126924796]
Mean correlation_distorted_median: 0.9754080919262643
Median: correlation_distorted_median: 0.9803534414666244
correlation_out_median: [0.9788771391489843, 0.9760852719766415, 0.9780354813057985, 0.9674999406891606, 0.9758499842885413, 0.9611123755360551, 0.9739032900561466, 0.9777354108389061, 0.962908644734508, 0.9739532769545348, 0.9811788053256029, 0.9889679403836046, 0.989929270147003, 0.988637420485778, 0.9936726501002652, 0.9869937899431835, 0.986723935744403, 0.9913037229832367, 0.9911573894997087, 0.9896536314966524, 0.9697025763525788, 0.9836396572071837, 0.9734703227623113, 0.9866027951159608, 0.9841014882466581, 0.9830362384119596, 0.979155405212444, 0.9874481494369176, 0.9890949371913527, 0.9802053285822422, 0.9936880105355348, 0.9963333192695099, 0.9966629241452251, 0.9973485926446842, 0.9981461794326989, 0.9976343631028988, 0.996633095257266, 0.9953133686389706, 0.9970896514732781, 0.996394763265662]
Mean correlation_out_median: 0.9848970134481014
Median: correlation_out_median: 0.9868588628437933
mse_distorted_mean: [0.005552598365987914, 0.007106935411261671, 0.005891173427182048, 0.0071191881265658475, 0.005384698389904781, 0.007173493775011165, 0.005529575051080785, 0.004868848127229284, 0.006751731175155351, 0.007629417506461304, 0.005332400039946103, 0.003694311690674165, 0.0043316816164920245, 0.003226362210711168, 0.0040393304176004775, 0.0035837584669399926, 0.005035430717000985, 0.005030407708254293, 0.0046987234037918265, 0.00379312203736814, 0.0074293605646777346, 0.006270107930426938, 0.005576953301318014, 0.006209290744660476, 0.007978300348827254, 0.0082500321744447, 0.007051959625887505, 0.006064712243829501, 0.006098091819373574, 0.007824223520124742, 0.004844990343965466, 0.004851898338296663, 0.0032155696719524617, 0.003216465139168908, 0.0015029875435297096, 0.002767106688285518, 0.004622566093968797, 0.00353353418557721, 0.0022803986704882577, 0.0031672111079180647]
Mean mse_distorted_mean: 0.005213223693033521
Median: mse_distorted_mean: 0.005183915378473544
mse_out_mean: [0.0044315169838802905, 0.00457804668060782, 0.004009051949557936, 0.004710231793645661, 0.0049872555266053465, 0.005217680170322736, 0.004334750649429259, 0.00447750413225003, 0.005121778333052654, 0.005746084907712247, 0.002727944718537788, 0.0020890520949081314, 0.0021795509595375446, 0.0018947478617055199, 0.002300576947610024, 0.0019293578793293839, 0.0029331647257080803, 0.003083473746171428, 0.002405891006187156, 0.0019306153735137584, 0.006394073883347858, 0.004370258096644289, 0.0037112437475278507, 0.0037363303215303726, 0.005661856816383366, 0.0068855757656966846, 0.005435988128232543, 0.0041413796179892715, 0.004305438802777123, 0.005574256798968514, 0.002402080104921106, 0.0026762641475513394, 0.001543550038511075, 0.0013538488735328061, 0.0011746691191641867, 0.0011723691079483973, 0.0024477193553367332, 0.0017338943366468512, 0.0011757448759137474, 0.001465006507806364]
Mean mse_out_mean: 0.0034612456221675817
Median: mse_out_mean: 0.003397358746849639
mse_distorted_median: [0.005657513093180777, 0.00711970018572059, 0.005718218176442516, 0.007147552439792107, 0.005383448854972158, 0.007221115286049271, 0.005485172397922118, 0.004856366225504738, 0.0067810562834879655, 0.007629966542565833, 0.005350553731453779, 0.003668966089332544, 0.004337701607722899, 0.003222162490356008, 0.0040363510889809065, 0.003602254789934864, 0.005030528589422456, 0.0050225720326650385, 0.004692399719030399, 0.003791679377483277, 0.007521227225684927, 0.006346320559909462, 0.00555680647824601, 0.006221096330769702, 0.00815458515122508, 0.00830601280918953, 0.007166420818001699, 0.005891696926777499, 0.006056515432158114, 0.0076366175603925415, 0.00485459668287337, 0.00488723056222783, 0.003169905178609478, 0.0032455031872585046, 0.0015088331427784108, 0.0027477493293538153, 0.004648970762362579, 0.003582195811381385, 0.0022828843509976023, 0.003208320568900183]
Mean mse_distorted_median: 0.005218719196777949
Median: mse_distorted_median: 0.0051905411604381176
mse_out_median: [0.004501598217634555, 0.004586181573319888, 0.0038899619274429488, 0.004719280757147186, 0.0049845466940329815, 0.0052500120978027694, 0.004302489168171977, 0.004475719790915545, 0.005144585715109768, 0.00574326836598966, 0.002733699569498869, 0.0020799340866968245, 0.002181034184936365, 0.001892676298415913, 0.002300743702873744, 0.001934183024966158, 0.0029231723614216833, 0.003081449911608771, 0.0024045638332195556, 0.0019318214936136194, 0.006423724717299056, 0.004449128402601438, 0.003691967187172993, 0.003748724909749369, 0.0057615632407676115, 0.006929199696848142, 0.005586961416511786, 0.004033430259252919, 0.00431606664331028, 0.005509470665014919, 0.0024059028468566067, 0.002692475027750463, 0.0015354248942792308, 0.0013594589647204867, 0.0011783337837212146, 0.0011668742008752355, 0.0024561946317155792, 0.001746033921441608, 0.001179400652911366, 0.001487652528940478]
Mean mse_out_median: 0.003467972784163989
Median: mse_out_median: 0.003386708549390882
ssim_distorted_mean: [0.9655305194127171, 0.9532825808302404, 0.9610852857453192, 0.9554772311293861, 0.9655558589002301, 0.9555568055102615, 0.9670959265252823, 0.9683896632274822, 0.9551691679185931, 0.9563836909248257, 0.9550038719471134, 0.9707470932836427, 0.9680860720249713, 0.9714534110126495, 0.9628853630045805, 0.9652208425931411, 0.9594671313339449, 0.9639176367485338, 0.9625764865693837, 0.9684313187393474, 0.955648620450266, 0.9589381408946622, 0.9626999246292426, 0.9627181857208111, 0.9518297234223418, 0.9533707710100661, 0.9575115236164341, 0.960564496972542, 0.9581850595429239, 0.9486677340177398, 0.9623892157066003, 0.9592996018026126, 0.9760615358067998, 0.9771560661682591, 0.9872639652197883, 0.9769620336251528, 0.9641786009462218, 0.975021689600223, 0.9796692183300142, 0.9771258599705853]
Mean ssim_distorted_mean: 0.9639144481208733
Median: ssim_distorted_mean: 0.9627090551750268
ssim_out_mean: [0.9706471076822886, 0.9650837047825269, 0.9700210407354025, 0.9671468463020798, 0.9662933151990779, 0.9657700867762989, 0.9706621684671682, 0.9703757427631018, 0.9635653252696159, 0.9658982098460258, 0.9754463299019905, 0.9834162704147991, 0.982173690107008, 0.9835631316043126, 0.9789712510644559, 0.9819894610817003, 0.975176915224744, 0.9764962342931313, 0.9800510179861368, 0.983015590529399, 0.9588660813246084, 0.9671799819990081, 0.9704069389563876, 0.9755716311191667, 0.9647386763186576, 0.9610308655260252, 0.9659120373750962, 0.9700859582520771, 0.9690680372306277, 0.9600446609136437, 0.9791419353661733, 0.9727228700896478, 0.9861893577072068, 0.9880312564193854, 0.9898678502319815, 0.9881906553499152, 0.9774316172988693, 0.9855480826929257, 0.987063385292626, 0.9870853707904311]
Mean ssim_out_mean: 0.9744985172571431
Median: ssim_out_mean: 0.9739498926571959
ssim_distorted_median: [0.9651690228285514, 0.9535300340727539, 0.9613882259515465, 0.9553917744222793, 0.9653622862863329, 0.9554856062797448, 0.9670084820244207, 0.9678577651872072, 0.9550269132989206, 0.9561074348158424, 0.9549453063949355, 0.9707119593256788, 0.9680924358264859, 0.9714592422581181, 0.9628842419784345, 0.9651924371618041, 0.9593099092597377, 0.9639162631461953, 0.9625670475997155, 0.9684219857049828, 0.9555695358095789, 0.9591324650107762, 0.9626969449860635, 0.9629246007853094, 0.9514146846250255, 0.953328471575738, 0.9573985918902049, 0.9609386932030486, 0.9579937928732606, 0.9488444521992445, 0.9623160026006059, 0.9590094694625131, 0.975870136528329, 0.9771576212750324, 0.9871091997153937, 0.9768850118194787, 0.9643019529668669, 0.9749146554040177, 0.9795869761809014, 0.9770673373059513]
Mean ssim_distorted_median: 0.9638572242510257
Median: ssim_distorted_median: 0.9627905934822489
ssim_out_median: [0.9704215159146943, 0.9652218418345974, 0.9702609517810074, 0.9670649528884093, 0.9660680724864972, 0.9657387348391073, 0.9705658848614012, 0.9699035028185992, 0.9634908975936092, 0.9656478549262084, 0.975418744974541, 0.9834065505034657, 0.9821747016390746, 0.9835631869129873, 0.9789747585704534, 0.9820078871584925, 0.9751387580120902, 0.9765215658232267, 0.9800452820446717, 0.9830061300158357, 0.9589097195348729, 0.9672954840987338, 0.9703999640891234, 0.9756070644314981, 0.9644985853995102, 0.9608774169072204, 0.9656680766141046, 0.9701498674489855, 0.9688993141667791, 0.9601735681328801, 0.9790902237601963, 0.9725097385453398, 0.9858960974942216, 0.9880643048969806, 0.9897523321386177, 0.9881403631952672, 0.9775491170431988, 0.985422475902441, 0.986970788983562, 0.9870065688139997]
Mean ssim_out_median: 0.9744380711799124
Median: ssim_out_median: 0.9738242482787149
Mean compute time per sample in seconds: 4.43052418224443e-06
