

METRICS REPORT

correlation_distorted_mean: [0.7972887892187266, 0.7711733480022133, 0.7838008890696745, 0.7514580388730141, 0.8436644369347768, 0.7558907790936973, 0.8279867400484606, 0.8552065668044202, 0.7707694424569176, 0.8016479795934689, 0.7414702923850368, 0.8268358075300629, 0.8269883380389541, 0.8424162462235271, 0.8324543764861219, 0.8264580305004324, 0.8159535939126963, 0.8658631464129581, 0.829957829552272, 0.8350715575412663, 0.8102110270794741, 0.8387979358941723, 0.8114422047537547, 0.7930222304702177, 0.7997262324342421, 0.7874972698959561, 0.8136567275568011, 0.8327279382617732, 0.8240206194410532, 0.8019993206299522, 0.8906891297861489, 0.8949764435777172, 0.9135393068428634, 0.9279969697086062, 0.9687702428781683, 0.9215106456537883, 0.8852262192918193, 0.9077646309978085, 0.9548037017480926, 0.9125302515676122]
Mean correlation_distorted_mean: 0.8373316319287178
Median: correlation_distorted_mean: 0.8274875390437073
correlation_out_mean: [0.8459930275635853, 0.8240618001092695, 0.8581420827277817, 0.8298611587487484, 0.8711670750691084, 0.8260202376940498, 0.8527800219336347, 0.8844718463353415, 0.8438011744111724, 0.8494502509097586, 0.8767777033521226, 0.929209557564316, 0.9401230629130085, 0.9372233629552607, 0.9552599891097336, 0.9257940598063101, 0.9248872219295353, 0.9263956437727363, 0.954056931599332, 0.950258430854248, 0.8596801940054979, 0.8919058359478219, 0.879224740188693, 0.9113272710563115, 0.8810307275145234, 0.8767099598110635, 0.881692079873236, 0.9181918276580081, 0.9143832883910364, 0.8789514413382868, 0.9518798989014223, 0.9466979755277298, 0.9627318689075617, 0.9748783118848593, 0.984191013918639, 0.9733707295081158, 0.9448577848493314, 0.9640625865948783, 0.9818714766553001, 0.9622269133655698]
Mean correlation_out_mean: 0.9086400141314236
Median: correlation_out_mean: 0.9162875580245222
correlation_distorted_median: [0.9695125971259204, 0.9573471498672925, 0.964611359291438, 0.9353044642882804, 0.98701528665142, 0.9337180229683052, 0.9774421334424372, 0.9882935377731875, 0.938562227965767, 0.9623038250173612, 0.9371518350197742, 0.9706648590332521, 0.96680331601797, 0.9804003766588559, 0.980306506274393, 0.9664419614361137, 0.9671100293204228, 0.9827729648592936, 0.9695093777635564, 0.9678235267414836, 0.984238168737337, 0.9870138596981206, 0.9812081971327906, 0.9724616604193863, 0.9661824319346848, 0.9736759573129546, 0.9818709557663289, 0.9836134822460414, 0.980699542380824, 0.9737341621663674, 0.9860233025570628, 0.9910516856061042, 0.9923553905475772, 0.993544982180135, 0.9963586299785522, 0.9937084363357384, 0.9914143897465199, 0.9918275285016913, 0.9977561435933506, 0.9944894126924796]
Mean correlation_distorted_median: 0.9754080919262643
Median: correlation_distorted_median: 0.9803534414666244
correlation_out_median: [0.970037747271705, 0.9646074121229921, 0.9718602055148973, 0.9455627560542877, 0.9786265881012701, 0.9491642133256503, 0.9691667106544503, 0.9794064193467802, 0.9599587737930703, 0.9561033008815707, 0.9777717558996648, 0.9869519493591095, 0.9872665000239621, 0.9888059959899207, 0.9946582106989124, 0.9860054649760254, 0.9869809782345376, 0.9916983569474436, 0.9926685696340208, 0.9909543558243576, 0.9741369081602778, 0.9822831912928027, 0.978106778739869, 0.9887748568102362, 0.9866383517583941, 0.9872334461818596, 0.981519234583953, 0.9886995601754072, 0.9898257839848148, 0.9821246653524188, 0.9929549833252219, 0.9964865060724244, 0.9965214235460724, 0.9974331223330585, 0.9978044433739328, 0.9970571019510047, 0.9969783898944667, 0.9967722989649859, 0.997104271371657, 0.9964909830926294]
Mean correlation_out_median: 0.983330064140503
Median: correlation_out_median: 0.9871072122081985
mse_distorted_mean: [0.005552598365987914, 0.007106935411261671, 0.005891173427182048, 0.0071191881265658475, 0.005384698389904781, 0.007173493775011165, 0.005529575051080785, 0.004868848127229284, 0.006751731175155351, 0.007629417506461304, 0.005332400039946103, 0.003694311690674165, 0.0043316816164920245, 0.003226362210711168, 0.0040393304176004775, 0.0035837584669399926, 0.005035430717000985, 0.005030407708254293, 0.0046987234037918265, 0.00379312203736814, 0.0074293605646777346, 0.006270107930426938, 0.005576953301318014, 0.006209290744660476, 0.007978300348827254, 0.0082500321744447, 0.007051959625887505, 0.006064712243829501, 0.006098091819373574, 0.007824223520124742, 0.004844990343965466, 0.004851898338296663, 0.0032155696719524617, 0.003216465139168908, 0.0015029875435297096, 0.002767106688285518, 0.004622566093968797, 0.00353353418557721, 0.0022803986704882577, 0.0031672111079180647]
Mean mse_distorted_mean: 0.005213223693033521
Median: mse_distorted_mean: 0.005183915378473544
mse_out_mean: [0.004710056650916028, 0.005566937940502615, 0.004001218558932009, 0.005055834274181239, 0.004437657122725805, 0.005716693300082188, 0.004438875092460833, 0.00421352942301819, 0.005214559183755955, 0.005939412475655466, 0.002773665715823336, 0.002114052187075932, 0.002069212993082037, 0.0017321599409784302, 0.002321823809502219, 0.001998750232475244, 0.0030074902565040912, 0.003241383837380994, 0.002591417030482974, 0.002006727994591295, 0.005056636619205759, 0.0038226042445026623, 0.003257619939898159, 0.0028970092398910227, 0.00475814498317943, 0.005177477913683545, 0.004909338277321716, 0.0027910234384119583, 0.003295971279841695, 0.0049097882051387575, 0.002352196440040692, 0.0025973455979364617, 0.001564588138044922, 0.0013946002263983688, 0.0011563741172707586, 0.001241491995318457, 0.0022675386301302725, 0.001566400465370009, 0.0011634974743914537, 0.0015550766812423781]
Mean mse_out_mean: 0.003272154548183634
Median: mse_out_mean: 0.002952249748197557
mse_distorted_median: [0.005657513093180777, 0.00711970018572059, 0.005718218176442516, 0.007147552439792107, 0.005383448854972158, 0.007221115286049271, 0.005485172397922118, 0.004856366225504738, 0.0067810562834879655, 0.007629966542565833, 0.005350553731453779, 0.003668966089332544, 0.004337701607722899, 0.003222162490356008, 0.0040363510889809065, 0.003602254789934864, 0.005030528589422456, 0.0050225720326650385, 0.004692399719030399, 0.003791679377483277, 0.007521227225684927, 0.006346320559909462, 0.00555680647824601, 0.006221096330769702, 0.00815458515122508, 0.00830601280918953, 0.007166420818001699, 0.005891696926777499, 0.006056515432158114, 0.0076366175603925415, 0.00485459668287337, 0.00488723056222783, 0.003169905178609478, 0.0032455031872585046, 0.0015088331427784108, 0.0027477493293538153, 0.004648970762362579, 0.003582195811381385, 0.0022828843509976023, 0.003208320568900183]
Mean mse_distorted_median: 0.005218719196777949
Median: mse_distorted_median: 0.0051905411604381176
mse_out_median: [0.004779110413960638, 0.005577590286452381, 0.003891375874995744, 0.0050674968357929265, 0.004439481716648251, 0.005754123768602704, 0.004410057073319385, 0.004216625123910791, 0.005235722886138544, 0.0059409829638155266, 0.0027782869080951525, 0.0021112406352148264, 0.002068787936729196, 0.0017306097049158402, 0.0023205404505561725, 0.002004695262225036, 0.0029945738599399425, 0.0032406987212699936, 0.0025877005482617555, 0.0020081326249187102, 0.005045230310388735, 0.0039059737545321634, 0.003244240179624888, 0.0029107426115770997, 0.004866053091304874, 0.005213215401202256, 0.004992175511669214, 0.0026962381407983098, 0.0032779231810916663, 0.0048479812517762, 0.0023571251350322326, 0.0026158379515780713, 0.0015579866857818253, 0.0013988758162732052, 0.001159861081297631, 0.0012337783066546986, 0.002275252814044232, 0.0015794523465838476, 0.0011667990268688876, 0.0015770821881219634]
Mean mse_out_median: 0.0032769914595491374
Median: mse_out_median: 0.002952658235758521
ssim_distorted_mean: [0.9655305194127171, 0.9532825808302404, 0.9610852857453192, 0.9554772311293861, 0.9655558589002301, 0.9555568055102615, 0.9670959265252823, 0.9683896632274822, 0.9551691679185931, 0.9563836909248257, 0.9550038719471134, 0.9707470932836427, 0.9680860720249713, 0.9714534110126495, 0.9628853630045805, 0.9652208425931411, 0.9594671313339449, 0.9639176367485338, 0.9625764865693837, 0.9684313187393474, 0.955648620450266, 0.9589381408946622, 0.9626999246292426, 0.9627181857208111, 0.9518297234223418, 0.9533707710100661, 0.9575115236164341, 0.960564496972542, 0.9581850595429239, 0.9486677340177398, 0.9623892157066003, 0.9592996018026126, 0.9760615358067998, 0.9771560661682591, 0.9872639652197883, 0.9769620336251528, 0.9641786009462218, 0.975021689600223, 0.9796692183300142, 0.9771258599705853]
Mean ssim_distorted_mean: 0.9639144481208733
Median: ssim_distorted_mean: 0.9627090551750268
ssim_out_mean: [0.9697942857620291, 0.9619194081322004, 0.97144015770046, 0.9659252826985498, 0.9699995306784467, 0.963915406716577, 0.9712100209686916, 0.9718777048634271, 0.9643403204848825, 0.9637364274765575, 0.9746388288901388, 0.9829154824537225, 0.9832859811142659, 0.9844693367698915, 0.9791513643108127, 0.9806540998491632, 0.9750577797892543, 0.9756661145030405, 0.9803027166231449, 0.9832854450654228, 0.9635201880098428, 0.9692979438517955, 0.9728215673099466, 0.9793644856040434, 0.9680722892812011, 0.9683958636259404, 0.9673514121773791, 0.9768102017734702, 0.9734302083537028, 0.962762936820111, 0.9786839794141523, 0.9733442549126089, 0.9860495960907585, 0.987801810418803, 0.9899798203817448, 0.9874490636113513, 0.9787784841682411, 0.9869187991215382, 0.987413862460184, 0.9859560117692291]
Mean ssim_out_mean: 0.975444711850168
Median: ssim_out_mean: 0.9748483043396965
ssim_distorted_median: [0.9651690228285514, 0.9535300340727539, 0.9613882259515465, 0.9553917744222793, 0.9653622862863329, 0.9554856062797448, 0.9670084820244207, 0.9678577651872072, 0.9550269132989206, 0.9561074348158424, 0.9549453063949355, 0.9707119593256788, 0.9680924358264859, 0.9714592422581181, 0.9628842419784345, 0.9651924371618041, 0.9593099092597377, 0.9639162631461953, 0.9625670475997155, 0.9684219857049828, 0.9555695358095789, 0.9591324650107762, 0.9626969449860635, 0.9629246007853094, 0.9514146846250255, 0.953328471575738, 0.9573985918902049, 0.9609386932030486, 0.9579937928732606, 0.9488444521992445, 0.9623160026006059, 0.9590094694625131, 0.975870136528329, 0.9771576212750324, 0.9871091997153937, 0.9768850118194787, 0.9643019529668669, 0.9749146554040177, 0.9795869761809014, 0.9770673373059513]
Mean ssim_distorted_median: 0.9638572242510257
Median: ssim_distorted_median: 0.9627905934822489
ssim_out_median: [0.9695538712880841, 0.9620841442322338, 0.9716371650982052, 0.9658465260201924, 0.9698113665341819, 0.963901031694939, 0.9710941943314324, 0.971406316815782, 0.9642677481893641, 0.9634888520622344, 0.9746094644418795, 0.9829058501484618, 0.9832932600383498, 0.9844662255598364, 0.9791587983902517, 0.9806710655021427, 0.9750341124049903, 0.9756919086541869, 0.9802928018951285, 0.9832692427270613, 0.9635854605350527, 0.969371175771331, 0.9727895204423964, 0.9793381282775113, 0.9678308203623573, 0.9682332935543465, 0.9671480060467217, 0.976842061405157, 0.973246890386495, 0.9628535587485695, 0.9786317577309539, 0.9731249425741593, 0.9857781298708359, 0.9878080014809073, 0.9898663110141042, 0.9874012788261544, 0.9788848590903632, 0.9868006990434329, 0.9873275502404738, 0.9858682302378665]
Mean ssim_out_median: 0.975380365541703
Median: ssim_out_median: 0.9748217884234349
Mean compute time per sample in seconds: 3.0811051088928802e-06
