

METRICS REPORT

correlation_distorted_mean: [0.7972887892187266, 0.7711733480022133, 0.7838008890696745, 0.7514580388730141, 0.8436644369347768, 0.7558907790936973, 0.8279867400484606, 0.8552065668044202, 0.7707694424569176, 0.8016479795934689, 0.7414702923850368, 0.8268358075300629, 0.8269883380389541, 0.8424162462235271, 0.8324543764861219, 0.8264580305004324, 0.8159535939126963, 0.8658631464129581, 0.829957829552272, 0.8350715575412663, 0.8102110270794741, 0.8387979358941723, 0.8114422047537547, 0.7930222304702177, 0.7997262324342421, 0.7874972698959561, 0.8136567275568011, 0.8327279382617732, 0.8240206194410532, 0.8019993206299522, 0.8906891297861489, 0.8949764435777172, 0.9135393068428634, 0.9279969697086062, 0.9687702428781683, 0.9215106456537883, 0.8852262192918193, 0.9077646309978085, 0.9548037017480926, 0.9125302515676122]
Mean correlation_distorted_mean: 0.8373316319287178
Median: correlation_distorted_mean: 0.8274875390437073
correlation_out_mean: [0.8576664789902675, 0.8481494758247448, 0.8539139203526644, 0.8469037555975532, 0.8759551479762423, 0.8461392813035755, 0.8651918094177959, 0.8997957747670177, 0.8426390198274806, 0.8610973123523145, 0.8801930537198389, 0.9330391374175157, 0.9376002739031791, 0.9325039354551939, 0.9446366266008183, 0.9350887698280415, 0.9275914803214017, 0.9256036231736477, 0.9444741880133533, 0.9437369892760751, 0.8683572753949714, 0.8905910781801012, 0.8743955665224652, 0.9002825188372258, 0.8775064080585255, 0.8685551457843402, 0.8821589565940743, 0.917354322738573, 0.9045384189752809, 0.8819362912494273, 0.9494520994975072, 0.9464283518701486, 0.9622378233254817, 0.9752817612387397, 0.9830015057961377, 0.9761079800883264, 0.9439153579852424, 0.9622143532666746, 0.9762984876700441, 0.9699818352429151]
Mean correlation_out_mean: 0.9103128898108732
Median: correlation_out_mean: 0.910946370856927
correlation_distorted_median: [0.9695125971259204, 0.9573471498672925, 0.964611359291438, 0.9353044642882804, 0.98701528665142, 0.9337180229683052, 0.9774421334424372, 0.9882935377731875, 0.938562227965767, 0.9623038250173612, 0.9371518350197742, 0.9706648590332521, 0.96680331601797, 0.9804003766588559, 0.980306506274393, 0.9664419614361137, 0.9671100293204228, 0.9827729648592936, 0.9695093777635564, 0.9678235267414836, 0.984238168737337, 0.9870138596981206, 0.9812081971327906, 0.9724616604193863, 0.9661824319346848, 0.9736759573129546, 0.9818709557663289, 0.9836134822460414, 0.980699542380824, 0.9737341621663674, 0.9860233025570628, 0.9910516856061042, 0.9923553905475772, 0.993544982180135, 0.9963586299785522, 0.9937084363357384, 0.9914143897465199, 0.9918275285016913, 0.9977561435933506, 0.9944894126924796]
Mean correlation_distorted_median: 0.9754080919262643
Median: correlation_distorted_median: 0.9803534414666244
correlation_out_median: [0.9773226052331084, 0.9772731739357965, 0.9712256758479914, 0.961912528169937, 0.9828598457326008, 0.9601022435485296, 0.9797997889794766, 0.9884598273124536, 0.9622439583931454, 0.9695803638376629, 0.9807188325758884, 0.9898559304936857, 0.989796121567236, 0.9906587168596509, 0.992235636284764, 0.9894406694575064, 0.9885272180151231, 0.9876338385373358, 0.9903007198299281, 0.9901547223264249, 0.9781208668544823, 0.9841449712660911, 0.9779290970047432, 0.9841473797488367, 0.9865021123172621, 0.9870191692816325, 0.9808834815827427, 0.9894667129980198, 0.9890398804336753, 0.9839725575879529, 0.9929221815280715, 0.9954158577717978, 0.9962943666577351, 0.9975297042495916, 0.9978112458195991, 0.9970800339193199, 0.9958478827018846, 0.9958014999858791, 0.9958121614373169, 0.997640176234939]
Mean correlation_out_median: 0.9855870939079955
Median: correlation_out_median: 0.9884935226637883
mse_distorted_mean: [0.005552598365987914, 0.007106935411261671, 0.005891173427182048, 0.0071191881265658475, 0.005384698389904781, 0.007173493775011165, 0.005529575051080785, 0.004868848127229284, 0.006751731175155351, 0.007629417506461304, 0.005332400039946103, 0.003694311690674165, 0.0043316816164920245, 0.003226362210711168, 0.0040393304176004775, 0.0035837584669399926, 0.005035430717000985, 0.005030407708254293, 0.0046987234037918265, 0.00379312203736814, 0.0074293605646777346, 0.006270107930426938, 0.005576953301318014, 0.006209290744660476, 0.007978300348827254, 0.0082500321744447, 0.007051959625887505, 0.006064712243829501, 0.006098091819373574, 0.007824223520124742, 0.004844990343965466, 0.004851898338296663, 0.0032155696719524617, 0.003216465139168908, 0.0015029875435297096, 0.002767106688285518, 0.004622566093968797, 0.00353353418557721, 0.0022803986704882577, 0.0031672111079180647]
Mean mse_distorted_mean: 0.005213223693033521
Median: mse_distorted_mean: 0.005183915378473544
mse_out_mean: [0.0042086588118517235, 0.0043315393486449425, 0.003685821299905391, 0.004304145022156217, 0.0037064864317801283, 0.004612290953546748, 0.003285167482782688, 0.0037445117164175935, 0.0048730632366586184, 0.005351867700402371, 0.002722967669797541, 0.0019687023000301623, 0.002081814287943615, 0.0018599736110458099, 0.0023405436339853144, 0.001944442936221678, 0.0027753956748955014, 0.003183100620302905, 0.0026429010385458735, 0.001986035089943416, 0.004879410296946474, 0.003792239106559877, 0.0032562831862477724, 0.003135772903401591, 0.004698415137750293, 0.005274744275534884, 0.004354308693741486, 0.0029106684179861318, 0.0036680439864720618, 0.004663917427691125, 0.0024889744403883314, 0.0026341637694090795, 0.0015619880150786437, 0.0013385047305457885, 0.001095936385064189, 0.0011454438590964996, 0.002323700559063587, 0.001575785641741295, 0.0013683385424609232, 0.0013296047091486919]
Mean mse_out_mean: 0.003077641823779674
Median: mse_out_mean: 0.0030232206606938617
mse_distorted_median: [0.005657513093180777, 0.00711970018572059, 0.005718218176442516, 0.007147552439792107, 0.005383448854972158, 0.007221115286049271, 0.005485172397922118, 0.004856366225504738, 0.0067810562834879655, 0.007629966542565833, 0.005350553731453779, 0.003668966089332544, 0.004337701607722899, 0.003222162490356008, 0.0040363510889809065, 0.003602254789934864, 0.005030528589422456, 0.0050225720326650385, 0.004692399719030399, 0.003791679377483277, 0.007521227225684927, 0.006346320559909462, 0.00555680647824601, 0.006221096330769702, 0.00815458515122508, 0.00830601280918953, 0.007166420818001699, 0.005891696926777499, 0.006056515432158114, 0.0076366175603925415, 0.00485459668287337, 0.00488723056222783, 0.003169905178609478, 0.0032455031872585046, 0.0015088331427784108, 0.0027477493293538153, 0.004648970762362579, 0.003582195811381385, 0.0022828843509976023, 0.003208320568900183]
Mean mse_distorted_median: 0.005218719196777949
Median: mse_distorted_median: 0.0051905411604381176
mse_out_median: [0.004280379023415062, 0.00434063770986088, 0.0035663373344569176, 0.004312699495913197, 0.0037149052481322, 0.004641823107840007, 0.003258764802558911, 0.0037468358250996483, 0.004896081165807601, 0.005353786175144395, 0.002727476725147577, 0.001959601178829854, 0.0020810194615238954, 0.0018568411588484415, 0.0023393617538775497, 0.0019474135343205312, 0.002760109354755856, 0.003181121507847065, 0.0026395662335565503, 0.0019858362942713793, 0.004878613120604401, 0.0038681394182940904, 0.0032421169470921323, 0.00314943107034213, 0.004791309994425187, 0.005317434183192457, 0.004446953079274476, 0.002823667716842264, 0.003656190838440526, 0.004589500053303145, 0.002493449057789524, 0.002651659822043514, 0.0015537630907335564, 0.0013439308729588052, 0.0010991737352744051, 0.0011377246911250438, 0.002331254130370429, 0.0015903501926401963, 0.0013733072309606272, 0.0013498878023891884]
Mean mse_out_median: 0.0030819613534825902
Median: mse_out_median: 0.002986549393592197
ssim_distorted_mean: [0.9655305194127171, 0.9532825808302404, 0.9610852857453192, 0.9554772311293861, 0.9655558589002301, 0.9555568055102615, 0.9670959265252823, 0.9683896632274822, 0.9551691679185931, 0.9563836909248257, 0.9550038719471134, 0.9707470932836427, 0.9680860720249713, 0.9714534110126495, 0.9628853630045805, 0.9652208425931411, 0.9594671313339449, 0.9639176367485338, 0.9625764865693837, 0.9684313187393474, 0.955648620450266, 0.9589381408946622, 0.9626999246292426, 0.9627181857208111, 0.9518297234223418, 0.9533707710100661, 0.9575115236164341, 0.960564496972542, 0.9581850595429239, 0.9486677340177398, 0.9623892157066003, 0.9592996018026126, 0.9760615358067998, 0.9771560661682591, 0.9872639652197883, 0.9769620336251528, 0.9641786009462218, 0.975021689600223, 0.9796692183300142, 0.9771258599705853]
Mean ssim_distorted_mean: 0.9639144481208733
Median: ssim_distorted_mean: 0.9627090551750268
ssim_out_mean: [0.9715425327652202, 0.9671077034371914, 0.9710228448698994, 0.9685136815326868, 0.972506767511208, 0.9682363972420925, 0.9755871619176032, 0.9756398748406993, 0.9653447597899064, 0.9668349130922609, 0.9756142554161185, 0.9836620471810336, 0.9827945937557989, 0.9836886441517962, 0.9787589259739049, 0.9815952909894857, 0.9761822301572278, 0.9758208440470182, 0.9793623532911085, 0.9830120075183252, 0.9639992638801417, 0.9696445839067894, 0.9729585257140718, 0.9773752836284632, 0.967987069547723, 0.9668737749849022, 0.9684484352856678, 0.9761811790108207, 0.9713377915414723, 0.963358444597128, 0.9782125614423552, 0.9728942485945359, 0.9863995261254864, 0.9882891976910729, 0.9903213988507203, 0.9883860198047169, 0.9780382865901376, 0.9870361503927093, 0.9855987392121535, 0.9881611043388838]
Mean ssim_out_mean: 0.9761082353655135
Median: ssim_out_mean: 0.9757303594438587
ssim_distorted_median: [0.9651690228285514, 0.9535300340727539, 0.9613882259515465, 0.9553917744222793, 0.9653622862863329, 0.9554856062797448, 0.9670084820244207, 0.9678577651872072, 0.9550269132989206, 0.9561074348158424, 0.9549453063949355, 0.9707119593256788, 0.9680924358264859, 0.9714592422581181, 0.9628842419784345, 0.9651924371618041, 0.9593099092597377, 0.9639162631461953, 0.9625670475997155, 0.9684219857049828, 0.9555695358095789, 0.9591324650107762, 0.9626969449860635, 0.9629246007853094, 0.9514146846250255, 0.953328471575738, 0.9573985918902049, 0.9609386932030486, 0.9579937928732606, 0.9488444521992445, 0.9623160026006059, 0.9590094694625131, 0.975870136528329, 0.9771576212750324, 0.9871091997153937, 0.9768850118194787, 0.9643019529668669, 0.9749146554040177, 0.9795869761809014, 0.9770673373059513]
Mean ssim_distorted_median: 0.9638572242510257
Median: ssim_distorted_median: 0.9627905934822489
ssim_out_median: [0.9712996211725933, 0.9672287354993143, 0.9712891524597409, 0.9684329381563703, 0.9722824191616972, 0.9682033297351155, 0.9754936457382086, 0.9752350850782563, 0.9652773292454316, 0.9666041726072538, 0.9755913128745088, 0.9836542528896928, 0.9827975925633254, 0.9836867254329258, 0.9787634950472672, 0.981617117108204, 0.976161900587639, 0.9758537926118362, 0.9793528471918368, 0.9830009189157869, 0.9640622085632009, 0.9697336375606918, 0.9729225888940201, 0.9773626000977025, 0.967772729254156, 0.966741179758154, 0.9682758199259203, 0.976250386221102, 0.9711430016220721, 0.9634670140581194, 0.9781590447482863, 0.9726750160628783, 0.9861366813102325, 0.9882931866140817, 0.9902141888516074, 0.9883379801089595, 0.9781527660844452, 0.9869228892172661, 0.9855210946898572, 0.9880827282832813]
Mean ssim_out_median: 0.976051328150076
Median: ssim_out_median: 0.9757225527431725
Mean compute time per sample in seconds: 4.24306851456218e-06
