

METRICS REPORT

correlation_distorted_mean: [0.7023524385944472, 0.7836245153787449, 0.7007340354527165, 0.7834202021809155, 0.7759158820502609, 0.7269448821943962, 0.7811251538942781, 0.5897248807708175, 0.68125740085063, 0.6689307760231191, 0.7181060814711023, 0.7512179450497032, 0.6690223208115571, 0.7168556865312545, 0.7154412995982404, 0.7047331702487368, 0.8497742923760737, 0.704168166254306, 0.7714473724415136, 0.44351733299886154]
Mean correlation_distorted_mean: 0.7119156917585838
Median: correlation_distorted_mean: 0.7161484930647475
correlation_out_mean: [0.756562339122866, 0.8125089535814864, 0.7269473109914905, 0.7931635486504316, 0.8048294076570548, 0.7826905048906732, 0.8053788690183976, 0.6358507616298634, 0.7179471372255208, 0.6996620125737005, 0.7604436925613023, 0.7897233098786887, 0.7067548715579265, 0.7625358152971395, 0.7616873300137452, 0.7511197489681235, 0.8634782179924112, 0.7550809616223247, 0.7970082138411311, 0.4738157062211845]
Mean correlation_out_mean: 0.7478594356647731
Median: correlation_out_mean: 0.7610655112875238
correlation_distorted_median: [0.8490289609920938, 0.9226013823350806, 0.87075991356596, 0.939357206108824, 0.9241384483277149, 0.8945180245955779, 0.931977931789991, 0.68625156296119, 0.8392742382255332, 0.8267348376806241, 0.8962212656152235, 0.9031103122427355, 0.8270498229752653, 0.8615693814415537, 0.8664069639099405, 0.8505808464041262, 0.9766903191286411, 0.8463863234699569, 0.8971405653694459, 0.3956638089179244]
Mean correlation_distorted_median: 0.8502731058028701
Median: correlation_distorted_median: 0.8685834387379503
correlation_out_median: [0.8776597905470847, 0.9175948417040617, 0.8600226479278312, 0.9238669526270797, 0.9215119854273182, 0.8987991428773277, 0.9205221409876239, 0.7545941934403314, 0.8648030191322428, 0.8526907268342456, 0.8807040692346066, 0.904478425117297, 0.8445584529585027, 0.8841333302450589, 0.8949559848458979, 0.8738876776916945, 0.9678604204809135, 0.8648831956662577, 0.9005196326524624, 0.47380664826906416]
Mean correlation_out_median: 0.8640926639333453
Median: correlation_out_median: 0.8824186997398328
mse_distorted_mean: [0.008322501432215967, 0.006163976477325906, 0.009280486309906534, 0.005870048074029273, 0.007784039575919788, 0.009257463368018713, 0.007039780782490521, 0.014457429050445374, 0.012182989737332006, 0.011207727187923766, 0.010271445758368062, 0.00709506782993076, 0.01342442786432336, 0.011271622766803779, 0.009732801366280753, 0.009584217713529365, 0.005220295132485279, 0.012741623040043552, 0.008401895364801196, 0.024567816925652214]
Mean mse_distorted_mean: 0.010193882787891307
Median: mse_distorted_mean: 0.00943235201171795
mse_out_mean: [0.007327952062143509, 0.0056694068542574565, 0.007903162383062034, 0.006258578041268641, 0.007109068739367847, 0.007468113691078666, 0.0068774193731842015, 0.015174976372777196, 0.011143109533299372, 0.01102054515473887, 0.008742731447066332, 0.006303381584080838, 0.011876133605018279, 0.009842346542704317, 0.008350386458930699, 0.008396726457689765, 0.0051003554879611975, 0.011370530474150702, 0.008094873479707252, 0.023003389691179644]
Mean mse_out_mean: 0.00935165937168334
Median: mse_out_mean: 0.008222629969318974
mse_distorted_median: [0.008341300740417392, 0.006251192378388208, 0.009309606807060817, 0.005925613320159233, 0.007823217744171853, 0.009373125353992897, 0.007065263764518381, 0.01448638639373173, 0.012357641347559884, 0.011307572011670996, 0.01027799292674065, 0.007189393649509318, 0.013433515991306889, 0.01142960471942008, 0.00994549838529785, 0.009613688014477179, 0.005252887053231212, 0.012794885472922108, 0.008536067164412312, 0.024985046258046525]
Mean mse_distorted_median: 0.010284974974851776
Median: mse_distorted_median: 0.009493406684235038
mse_out_median: [0.0073356078338264906, 0.005758079244266581, 0.007933693668758117, 0.006317226524834119, 0.007128423191256887, 0.007553777826785909, 0.006900395762053065, 0.01519702958241218, 0.011260937885552989, 0.011098631840072908, 0.008747945435901388, 0.006361527741941852, 0.011883501651375781, 0.009943509801010116, 0.008496625299135434, 0.008411857116015714, 0.005127781444431278, 0.011418984566053286, 0.008212269356407165, 0.02332500332132618]
Mean mse_out_median: 0.009420640454670871
Median: mse_out_median: 0.00831206323621144
ssim_distorted_mean: [0.9493725368106825, 0.9593096000250938, 0.9482960163077553, 0.9638875175890614, 0.950711460443706, 0.946744804766545, 0.9571198486930975, 0.920354661463034, 0.9330399132325339, 0.9370686983458075, 0.9387883451867781, 0.9562878475780064, 0.9255283679814851, 0.9334274729747247, 0.9434632230596931, 0.942161430365987, 0.965704488853996, 0.9341988056446201, 0.9519390995182422, 0.8974628342121771]
Mean ssim_distorted_mean: 0.9427433486526512
Median: ssim_distorted_mean: 0.945104013913119
ssim_out_mean: [0.954131090100339, 0.9620358602342152, 0.951966696500157, 0.9632791400127284, 0.9524450838119399, 0.9535030324299156, 0.955655898252887, 0.9230904580366452, 0.9363420088394073, 0.9397933147537619, 0.9458201032455382, 0.9596358146052416, 0.9300819949818308, 0.9388603798356454, 0.9488930151684187, 0.9475194435894282, 0.9643728305348207, 0.9400046866315994, 0.9537482429321106, 0.9016332074870048]
Mean ssim_out_mean: 0.9461406150991818
Median: ssim_out_mean: 0.9504298558342879
ssim_distorted_median: [0.9487885675953204, 0.9590377833969265, 0.9481296534902213, 0.9638273685309671, 0.9501767370503047, 0.9465802262947701, 0.9571270922087138, 0.9200719887053221, 0.9318705011336621, 0.9370041673852249, 0.9384797591087847, 0.9559945924372723, 0.9264447806326132, 0.9331203051018261, 0.9436118590702429, 0.9416351736739532, 0.9654160438853986, 0.9337402299203125, 0.9514117926624186, 0.8972770667731811]
Mean ssim_distorted_median: 0.942487284452872
Median: ssim_distorted_median: 0.9450960426825066
ssim_out_median: [0.9535635192810917, 0.9617771994762475, 0.9518567743110828, 0.9632470234150297, 0.951939790028273, 0.9533212613137922, 0.9556807706371104, 0.9228281089851658, 0.9350650634476825, 0.9398086310564797, 0.9455666052400574, 0.9593194231758155, 0.9310711467130011, 0.9386246743902348, 0.9491282479950278, 0.9469693960667731, 0.9640463241535809, 0.9393318683337948, 0.9532318043836023, 0.9015046883710217]
Mean ssim_out_median: 0.9458941160387433
Median: ssim_out_median: 0.9504925111530553
Mean compute time per sample in seconds: 4.5865100363026496e-06
