

METRICS REPORT

correlation_distorted_mean: [0.7023524385944472, 0.7836245153787449, 0.7007340354527165, 0.7834202021809155, 0.7759158820502609, 0.7269448821943962, 0.7811251538942781, 0.5897248807708175, 0.68125740085063, 0.6689307760231191, 0.7181060814711023, 0.7512179450497032, 0.6690223208115571, 0.7168556865312545, 0.7154412995982404, 0.7047331702487368, 0.8497742923760737, 0.704168166254306, 0.7714473724415136, 0.44351733299886154]
Mean correlation_distorted_mean: 0.7119156917585838
Median: correlation_distorted_mean: 0.7161484930647475
correlation_out_mean: [0.7553240166595266, 0.8197210753246693, 0.7300042137305629, 0.8080888347690273, 0.8132947188930632, 0.7851198236224965, 0.8176973974712073, 0.6460335080000991, 0.722888720062417, 0.7023045527409307, 0.7799681313165057, 0.7998327187760274, 0.7097124640982911, 0.7739412265497675, 0.7637359982111201, 0.7599032614682463, 0.8744904338623309, 0.7579408598525547, 0.8042045741256253, 0.4740277147783716]
Mean correlation_out_mean: 0.754911712215642
Median: correlation_out_mean: 0.7688386123804438
correlation_distorted_median: [0.8490289609920938, 0.9226013823350806, 0.87075991356596, 0.939357206108824, 0.9241384483277149, 0.8945180245955779, 0.931977931789991, 0.68625156296119, 0.8392742382255332, 0.8267348376806241, 0.8962212656152235, 0.9031103122427355, 0.8270498229752653, 0.8615693814415537, 0.8664069639099405, 0.8505808464041262, 0.9766903191286411, 0.8463863234699569, 0.8971405653694459, 0.3956638089179244]
Mean correlation_distorted_median: 0.8502731058028701
Median: correlation_distorted_median: 0.8685834387379503
correlation_out_median: [0.8859602272729031, 0.9220971163917756, 0.8706594084204163, 0.9317916504213423, 0.92660196299252, 0.897847665235786, 0.9320591318967151, 0.7684229461475572, 0.8710760743152582, 0.8416404173005918, 0.9073597099325352, 0.9128283649988009, 0.8499121378869983, 0.8991006022586987, 0.901035939148862, 0.8866089026138834, 0.969349631584062, 0.876554029392844, 0.9165799812687104, 0.4697092859606878]
Mean correlation_out_median: 0.8718597592720473
Median: correlation_out_median: 0.8984741337472424
mse_distorted_mean: [0.008322501432215967, 0.006163976477325906, 0.009280486309906534, 0.005870048074029273, 0.007784039575919788, 0.009257463368018713, 0.007039780782490521, 0.014457429050445374, 0.012182989737332006, 0.011207727187923766, 0.010271445758368062, 0.00709506782993076, 0.01342442786432336, 0.011271622766803779, 0.009732801366280753, 0.009584217713529365, 0.005220295132485279, 0.012741623040043552, 0.008401895364801196, 0.024567816925652214]
Mean mse_distorted_mean: 0.010193882787891307
Median: mse_distorted_mean: 0.00943235201171795
mse_out_mean: [0.007343973183449051, 0.005288370566009669, 0.008232377584999074, 0.00538725151940562, 0.006720647401169915, 0.007051455496495618, 0.006091765521022626, 0.014420564939143819, 0.010346652448186087, 0.010644105392725868, 0.008067819226120636, 0.006061033050953448, 0.011695568946017497, 0.009124342009796246, 0.008246194072337811, 0.008264922804164456, 0.00456132933060983, 0.011314898218768408, 0.007243282768158027, 0.023020709691761124]
Mean mse_out_mean: 0.00895636320856474
Median: mse_out_mean: 0.008150098405559855
mse_distorted_median: [0.008341300740417392, 0.006251192378388208, 0.009309606807060817, 0.005925613320159233, 0.007823217744171853, 0.009373125353992897, 0.007065263764518381, 0.01448638639373173, 0.012357641347559884, 0.011307572011670996, 0.01027799292674065, 0.007189393649509318, 0.013433515991306889, 0.01142960471942008, 0.00994549838529785, 0.009613688014477179, 0.005252887053231212, 0.012794885472922108, 0.008536067164412312, 0.024985046258046525]
Mean mse_distorted_median: 0.010284974974851776
Median: mse_distorted_median: 0.009493406684235038
mse_out_median: [0.007351304138823888, 0.005365392246495599, 0.008261863000470932, 0.00543856195132241, 0.006736185867780712, 0.007134614422558685, 0.006115250932966181, 0.014439930301529923, 0.010454902827275953, 0.01072110582127705, 0.008073082219404431, 0.006115461719961314, 0.011704346881590623, 0.009224621566908087, 0.008382263834461983, 0.008280364928413057, 0.004588018210065073, 0.011357995239831248, 0.007354822375494228, 0.023340365830548153]
Mean mse_out_median: 0.009022022715858977
Median: mse_out_median: 0.008167472609937682
ssim_distorted_mean: [0.9493725368106825, 0.9593096000250938, 0.9482960163077553, 0.9638875175890614, 0.950711460443706, 0.946744804766545, 0.9571198486930975, 0.920354661463034, 0.9330399132325339, 0.9370686983458075, 0.9387883451867781, 0.9562878475780064, 0.9255283679814851, 0.9334274729747247, 0.9434632230596931, 0.942161430365987, 0.965704488853996, 0.9341988056446201, 0.9519390995182422, 0.8974628342121771]
Mean ssim_distorted_mean: 0.9427433486526512
Median: ssim_distorted_mean: 0.945104013913119
ssim_out_mean: [0.9542043263576826, 0.9634028854551412, 0.9514635759163439, 0.9669557329958633, 0.9546348798447003, 0.954812608962833, 0.9590447479413229, 0.9256725445618896, 0.9388486057257452, 0.9409937355335802, 0.9497621638069997, 0.9606740776147978, 0.9306878863258545, 0.9420143683395332, 0.9495899363617208, 0.9483673186901619, 0.9672984127274308, 0.9409813962316168, 0.9566154587715795, 0.9015257550698204]
Mean ssim_out_mean: 0.9478775208617309
Median: ssim_out_mean: 0.9506128698616718
ssim_distorted_median: [0.9487885675953204, 0.9590377833969265, 0.9481296534902213, 0.9638273685309671, 0.9501767370503047, 0.9465802262947701, 0.9571270922087138, 0.9200719887053221, 0.9318705011336621, 0.9370041673852249, 0.9384797591087847, 0.9559945924372723, 0.9264447806326132, 0.9331203051018261, 0.9436118590702429, 0.9416351736739532, 0.9654160438853986, 0.9337402299203125, 0.9514117926624186, 0.8972770667731811]
Mean ssim_distorted_median: 0.942487284452872
Median: ssim_distorted_median: 0.9450960426825066
ssim_out_median: [0.9536231978781289, 0.9631573898623412, 0.9513594648804717, 0.9669306725939814, 0.9541832550768372, 0.9546431204872761, 0.9590765455793197, 0.9254110836395267, 0.9375719218679348, 0.9410453343062484, 0.949536266603131, 0.9604153608237008, 0.9316626561190422, 0.9418043168295924, 0.9497879004794467, 0.9478481694936922, 0.9669670407289942, 0.940330669721972, 0.9561393307475284, 0.9013898669282983]
Mean ssim_out_median: 0.9476441782323735
Median: ssim_out_median: 0.9505736826799592
Mean compute time per sample in seconds: 5.611108696979025e-06
