

METRICS REPORT

correlation_distorted_mean: [0.7023524385944472, 0.7836245153787449, 0.7007340354527165, 0.7834202021809155, 0.7759158820502609, 0.7269448821943962, 0.7811251538942781, 0.5897248807708175, 0.68125740085063, 0.6689307760231191, 0.7181060814711023, 0.7512179450497032, 0.6690223208115571, 0.7168556865312545, 0.7154412995982404, 0.7047331702487368, 0.8497742923760737, 0.704168166254306, 0.7714473724415136, 0.44351733299886154]
Mean correlation_distorted_mean: 0.7119156917585838
Median: correlation_distorted_mean: 0.7161484930647475
correlation_out_mean: [0.776635744787739, 0.8358068095526927, 0.7425893255461847, 0.790509696285407, 0.8148845424965814, 0.8060174331123563, 0.8171939632954422, 0.659337235566839, 0.7232769033287084, 0.7149623745916246, 0.7714201142867285, 0.8166384377507961, 0.7207385483921417, 0.7823613715894566, 0.7615518877076859, 0.7553587804344574, 0.8575268869936162, 0.7689007248127645, 0.8043309648659707, 0.45887452349038943]
Mean correlation_out_mean: 0.7589458134443791
Median: correlation_out_mean: 0.7740279295372338
correlation_distorted_median: [0.8490289609920938, 0.9226013823350806, 0.87075991356596, 0.939357206108824, 0.9241384483277149, 0.8945180245955779, 0.931977931789991, 0.68625156296119, 0.8392742382255332, 0.8267348376806241, 0.8962212656152235, 0.9031103122427355, 0.8270498229752653, 0.8615693814415537, 0.8664069639099405, 0.8505808464041262, 0.9766903191286411, 0.8463863234699569, 0.8971405653694459, 0.3956638089179244]
Mean correlation_distorted_median: 0.8502731058028701
Median: correlation_distorted_median: 0.8685834387379503
correlation_out_median: [0.9047156999003322, 0.9359897145710587, 0.8747740472963855, 0.9071317629071568, 0.9302093547795026, 0.916063316639554, 0.9313272799083934, 0.7775734326383497, 0.8639089655527454, 0.8642383472020773, 0.8930120517922164, 0.928756060170457, 0.8552341994033009, 0.8981662895015051, 0.887469728427537, 0.8703506909697454, 0.9536220995776393, 0.8884625565940949, 0.895848564143864, 0.44162867547421647]
Mean correlation_out_median: 0.8709241418725068
Median: correlation_out_median: 0.8944303079680402
mse_distorted_mean: [0.008322501432215967, 0.006163976477325906, 0.009280486309906534, 0.005870048074029273, 0.007784039575919788, 0.009257463368018713, 0.007039780782490521, 0.014457429050445374, 0.012182989737332006, 0.011207727187923766, 0.010271445758368062, 0.00709506782993076, 0.01342442786432336, 0.011271622766803779, 0.009732801366280753, 0.009584217713529365, 0.005220295132485279, 0.012741623040043552, 0.008401895364801196, 0.024567816925652214]
Mean mse_distorted_mean: 0.010193882787891307
Median: mse_distorted_mean: 0.00943235201171795
mse_out_mean: [0.006763321277323168, 0.004851678036387338, 0.00775582191462032, 0.005638150429185394, 0.006682547094567039, 0.006379361359707291, 0.006120279932293758, 0.013498420429140434, 0.010352038451948015, 0.00997083152179668, 0.008447771939569899, 0.005630606182420675, 0.010950691022972744, 0.008827045317412078, 0.008304284664319648, 0.007912561769013577, 0.005320719949826382, 0.010566270945942466, 0.006959521138010211, 0.02348141809968264]
Mean mse_out_mean: 0.008720667073806986
Median: mse_out_mean: 0.007834191841816949
mse_distorted_median: [0.008341300740417392, 0.006251192378388208, 0.009309606807060817, 0.005925613320159233, 0.007823217744171853, 0.009373125353992897, 0.007065263764518381, 0.01448638639373173, 0.012357641347559884, 0.011307572011670996, 0.01027799292674065, 0.007189393649509318, 0.013433515991306889, 0.01142960471942008, 0.00994549838529785, 0.009613688014477179, 0.005252887053231212, 0.012794885472922108, 0.008536067164412312, 0.024985046258046525]
Mean mse_distorted_median: 0.010284974974851776
Median: mse_distorted_median: 0.009493406684235038
mse_out_median: [0.006775295603950813, 0.004924278111407419, 0.007780636326958285, 0.005685693411508981, 0.00670644765894001, 0.006458910201604583, 0.006143362183550919, 0.013517345966711072, 0.010459129080814988, 0.010038608401228473, 0.008454012700367212, 0.005683883151871022, 0.010959636160193336, 0.00892759180421375, 0.008447142649114498, 0.007931639593011183, 0.005343688295846431, 0.010609369900064643, 0.0070630719504825345, 0.023792994242385717]
Mean mse_out_median: 0.008785136869711293
Median: mse_out_median: 0.007856137959984733
ssim_distorted_mean: [0.9493725368106825, 0.9593096000250938, 0.9482960163077553, 0.9638875175890614, 0.950711460443706, 0.946744804766545, 0.9571198486930975, 0.920354661463034, 0.9330399132325339, 0.9370686983458075, 0.9387883451867781, 0.9562878475780064, 0.9255283679814851, 0.9334274729747247, 0.9434632230596931, 0.942161430365987, 0.965704488853996, 0.9341988056446201, 0.9519390995182422, 0.8974628342121771]
Mean ssim_distorted_mean: 0.9427433486526512
Median: ssim_distorted_mean: 0.945104013913119
ssim_out_mean: [0.9570051494461216, 0.9659911529361839, 0.9537373733144928, 0.9648140124951599, 0.9551951246164728, 0.9591313689248162, 0.9593317844516045, 0.9282554938777658, 0.9394486732212269, 0.9438581131282153, 0.948355039973984, 0.9627133731007046, 0.9343170373230612, 0.944154950655398, 0.9494599854338021, 0.9492959635661589, 0.9631998926933687, 0.9436098311089929, 0.958047074934803, 0.8990690688602165]
Mean ssim_out_mean: 0.9489495232031275
Median: ssim_out_mean: 0.9515986793741474
ssim_distorted_median: [0.9487885675953204, 0.9590377833969265, 0.9481296534902213, 0.9638273685309671, 0.9501767370503047, 0.9465802262947701, 0.9571270922087138, 0.9200719887053221, 0.9318705011336621, 0.9370041673852249, 0.9384797591087847, 0.9559945924372723, 0.9264447806326132, 0.9331203051018261, 0.9436118590702429, 0.9416351736739532, 0.9654160438853986, 0.9337402299203125, 0.9514117926624186, 0.8972770667731811]
Mean ssim_distorted_median: 0.942487284452872
Median: ssim_distorted_median: 0.9450960426825066
ssim_out_median: [0.9564611595411475, 0.9657815023299977, 0.9536229266595884, 0.9647687589082211, 0.954735308289784, 0.9590000888931312, 0.9593635580069145, 0.9279832736213014, 0.9381915404038036, 0.9439130428209153, 0.9481126354964416, 0.9624373227830796, 0.9352541922030789, 0.9439319991458929, 0.9496461287759557, 0.9487560002261815, 0.9628844091844023, 0.9429456169081512, 0.9575628349700662, 0.8989370502713954]
Mean ssim_out_median: 0.9487144674719724
Median: ssim_out_median: 0.951634527717772
Mean compute time per sample in seconds: 8.700018343718156e-06
