

METRICS REPORT

correlation_distorted_mean: [0.7023524385944472, 0.7836245153787449, 0.7007340354527165, 0.7834202021809155, 0.7759158820502609, 0.7269448821943962, 0.7811251538942781, 0.5897248807708175, 0.68125740085063, 0.6689307760231191, 0.7181060814711023, 0.7512179450497032, 0.6690223208115571, 0.7168556865312545, 0.7154412995982404, 0.7047331702487368, 0.8497742923760737, 0.704168166254306, 0.7714473724415136, 0.44351733299886154]
Mean correlation_distorted_mean: 0.7119156917585838
Median: correlation_distorted_mean: 0.7161484930647475
correlation_out_mean: [0.7580864790571836, 0.8227593508058618, 0.7269782441970025, 0.8032069194678669, 0.7943840185795193, 0.7954460526492765, 0.8054724888148358, 0.6655576315386562, 0.7369348399308568, 0.6961761925945611, 0.7780090765002017, 0.7935375406098459, 0.7141010067334235, 0.7556936013951817, 0.7540561416334313, 0.7582250520576558, 0.8466874850621838, 0.7574913831503906, 0.8226764690890567, 0.46332691264852544]
Mean correlation_out_mean: 0.7524403443257759
Median: correlation_out_mean: 0.7581557655574197
correlation_distorted_median: [0.8490289609920938, 0.9226013823350806, 0.87075991356596, 0.939357206108824, 0.9241384483277149, 0.8945180245955779, 0.931977931789991, 0.68625156296119, 0.8392742382255332, 0.8267348376806241, 0.8962212656152235, 0.9031103122427355, 0.8270498229752653, 0.8615693814415537, 0.8664069639099405, 0.8505808464041262, 0.9766903191286411, 0.8463863234699569, 0.8971405653694459, 0.3956638089179244]
Mean correlation_distorted_median: 0.8502731058028701
Median: correlation_distorted_median: 0.8685834387379503
correlation_out_median: [0.8805452003462927, 0.9172436627983407, 0.8726201048507233, 0.9280550402333261, 0.9054970034663483, 0.9111133307028887, 0.9231462370185409, 0.7954590501881, 0.8876144652947157, 0.8511643491079649, 0.9035359570562614, 0.9124111754514292, 0.8548240259340001, 0.8802660713877122, 0.88208721715638, 0.8804022304602016, 0.9566692049735019, 0.8698053187662586, 0.9183487577222252, 0.4480794181459212]
Mean correlation_out_median: 0.8689443910530563
Median: correlation_out_median: 0.8848508412255478
mse_distorted_mean: [0.008322501432215967, 0.006163976477325906, 0.009280486309906534, 0.005870048074029273, 0.007784039575919788, 0.009257463368018713, 0.007039780782490521, 0.014457429050445374, 0.012182989737332006, 0.011207727187923766, 0.010271445758368062, 0.00709506782993076, 0.01342442786432336, 0.011271622766803779, 0.009732801366280753, 0.009584217713529365, 0.005220295132485279, 0.012741623040043552, 0.008401895364801196, 0.024567816925652214]
Mean mse_distorted_mean: 0.010193882787891307
Median: mse_distorted_mean: 0.00943235201171795
mse_out_mean: [0.007079554178697226, 0.004799669060507651, 0.008342240535261078, 0.0054906557351849915, 0.0071221270943613935, 0.006775504947900196, 0.006441085349013108, 0.013715375317194516, 0.009554377493618154, 0.010639327422345423, 0.007984079228869382, 0.005871854724343136, 0.011305981011408046, 0.009573782256047537, 0.008141522181275401, 0.007790480976661301, 0.005417880235378987, 0.010625910858693242, 0.006452046203769373, 0.023014380324625248]
Mean mse_out_mean: 0.008806891756757768
Median: mse_out_mean: 0.007887280102765341
mse_distorted_median: [0.008341300740417392, 0.006251192378388208, 0.009309606807060817, 0.005925613320159233, 0.007823217744171853, 0.009373125353992897, 0.007065263764518381, 0.01448638639373173, 0.012357641347559884, 0.011307572011670996, 0.01027799292674065, 0.007189393649509318, 0.013433515991306889, 0.01142960471942008, 0.00994549838529785, 0.009613688014477179, 0.005252887053231212, 0.012794885472922108, 0.008536067164412312, 0.024985046258046525]
Mean mse_distorted_median: 0.010284974974851776
Median: mse_distorted_median: 0.009493406684235038
mse_out_median: [0.007090093761782541, 0.004874272317338508, 0.008375449298885175, 0.005541987413795595, 0.007147153458024384, 0.0068586434603103265, 0.006465353405948915, 0.013732749565033358, 0.009654123921941543, 0.010716472680092003, 0.007991160665039307, 0.005930691318984451, 0.011311721031176602, 0.009693037879044575, 0.008287400784060903, 0.007806994329915249, 0.005444711230241892, 0.010668399260233281, 0.006550711640812635, 0.02334099280922119]
Mean mse_out_median: 0.008874106011594123
Median: mse_out_median: 0.007899077497477279
ssim_distorted_mean: [0.9493725368106825, 0.9593096000250938, 0.9482960163077553, 0.9638875175890614, 0.950711460443706, 0.946744804766545, 0.9571198486930975, 0.920354661463034, 0.9330399132325339, 0.9370686983458075, 0.9387883451865776, 0.9562878475780064, 0.9255283679814851, 0.9334274729747247, 0.9434632230596931, 0.942161430365987, 0.965704488853996, 0.9341988056446201, 0.9519390995182422, 0.8974628342121771]
Mean ssim_distorted_mean: 0.9427433486526413
Median: ssim_distorted_mean: 0.945104013913119
ssim_out_mean: [0.9553085024371277, 0.9657676670776729, 0.9513747535558154, 0.9663007942542782, 0.9515186195463398, 0.9569614478313139, 0.9574268828387037, 0.9284648748054687, 0.9423923914701166, 0.9400855083854703, 0.950079433128584, 0.9613737235022607, 0.9324497866848742, 0.9394034135511279, 0.9496801613942535, 0.9502922728323913, 0.9623475247403952, 0.9426713245348219, 0.9598207001716381, 0.9004568896883076]
Mean ssim_out_mean: 0.948208833621548
Median: ssim_out_mean: 0.9508335131941033
ssim_distorted_median: [0.9487885675953204, 0.9590377833969265, 0.9481296534902213, 0.9638273685309671, 0.9501767370503047, 0.9465802262947701, 0.9571270922087138, 0.9200719887053221, 0.9318705011336621, 0.9370041673852249, 0.9384797591087847, 0.9559945924372723, 0.9264447806326132, 0.9331203051018261, 0.9436118590702429, 0.9416351736739532, 0.9654160438853986, 0.9337402299203125, 0.9514117926624186, 0.8972770667731811]
Mean ssim_distorted_median: 0.942487284452872
Median: ssim_distorted_median: 0.9450960426825066
ssim_out_median: [0.9547444870466797, 0.9655043319637976, 0.9512622128294753, 0.9662643776017799, 0.9510139524238268, 0.956822276302438, 0.9574791683311, 0.9282225357511671, 0.9411659512421898, 0.9401013087771322, 0.949872084220182, 0.9611187785766031, 0.9333944200342325, 0.9391531330179989, 0.9499191523474514, 0.9497792327322411, 0.9619883205271421, 0.9420344026348195, 0.9593399869750022, 0.9003363946890641]
Mean ssim_out_median: 0.947975825401216
Median: ssim_out_median: 0.950466552385639
Mean compute time per sample in seconds: 7.745659869650135e-06
