

METRICS REPORT

correlation_distorted_mean: [0.7023524385944472, 0.7836245153787449, 0.7007340354527165, 0.7834202021809155, 0.7759158820502609, 0.7269448821943962, 0.7811251538942781, 0.5897248807708175, 0.68125740085063, 0.6689307760231191, 0.7181060814711023, 0.7512179450497032, 0.6690223208115571, 0.7168556865312545, 0.7154412995982404, 0.7047331702487368, 0.8497742923760737, 0.704168166254306, 0.7714473724415136, 0.44351733299886154]
Mean correlation_distorted_mean: 0.7119156917585838
Median: correlation_distorted_mean: 0.7161484930647475
correlation_out_mean: [0.7637236216198054, 0.8273224404898342, 0.7398509450343167, 0.7986972288326561, 0.8132919158070111, 0.7879372406553977, 0.8135684550839785, 0.6479958796931744, 0.7231166436015795, 0.683735607886162, 0.7703892969115824, 0.7926883879174212, 0.7198375129963867, 0.7614571357983465, 0.7656931141257832, 0.7502346378518028, 0.867268131236259, 0.7632337283343195, 0.8081234403286209, 0.4644329627163978]
Mean correlation_out_mean: 0.7531299163460419
Median: correlation_out_mean: 0.7647083678727944
correlation_distorted_median: [0.8490289609920938, 0.9226013823350806, 0.87075991356596, 0.939357206108824, 0.9241384483277149, 0.8945180245955779, 0.931977931789991, 0.68625156296119, 0.8392742382255332, 0.8267348376806241, 0.8962212656152235, 0.9031103122427355, 0.8270498229752653, 0.8615693814415537, 0.8664069639099405, 0.8505808464041262, 0.9766903191286411, 0.8463863234699569, 0.8971405653694459, 0.3956638089179244]
Mean correlation_distorted_median: 0.8502731058028701
Median: correlation_distorted_median: 0.8685834387379503
correlation_out_median: [0.8984431901402957, 0.9321223535450848, 0.8832271599755765, 0.9088853207971694, 0.9306346650045499, 0.9039229654085075, 0.9345401022996342, 0.7665930577966229, 0.8667151522752341, 0.8222067796807413, 0.900903801246834, 0.9156142432014234, 0.866061761168553, 0.8928178126235568, 0.8997976801956269, 0.8771531857443665, 0.9663324581535141, 0.8872574921273514, 0.9126361162173114, 0.4547479717160275]
Mean correlation_out_median: 0.8710306634658991
Median: correlation_out_median: 0.8991204351679614
mse_distorted_mean: [0.008322501432215967, 0.006163976477325906, 0.009280486309906534, 0.005870048074029273, 0.007784039575919788, 0.009257463368018713, 0.007039780782490521, 0.014457429050445374, 0.012182989737332006, 0.011207727187923766, 0.010271445758368062, 0.00709506782993076, 0.01342442786432336, 0.011271622766803779, 0.009732801366280753, 0.009584217713529365, 0.005220295132485279, 0.012741623040043552, 0.008401895364801196, 0.024567816925652214]
Mean mse_distorted_mean: 0.010193882787891307
Median: mse_distorted_mean: 0.00943235201171795
mse_out_mean: [0.007413659922428917, 0.005199092320119479, 0.008125218946457301, 0.005765589517171253, 0.00691515510713574, 0.007379675978128577, 0.006675305965176599, 0.01397956045910386, 0.010441670033610817, 0.011456590511834805, 0.008575656389653446, 0.006615418052982882, 0.011277323294656786, 0.009571554380447687, 0.0084265822162514, 0.008365022257948069, 0.004815513688206567, 0.011381319609092378, 0.007190644497636376, 0.02342218074138526]
Mean mse_out_mean: 0.00914963669447141
Median: mse_out_mean: 0.008245120602202685
mse_distorted_median: [0.008341300740417392, 0.006251192378388208, 0.009309606807060817, 0.005925613320159233, 0.007823217744171853, 0.009373125353992897, 0.007065263764518381, 0.01448638639373173, 0.012357641347559884, 0.011307572011670996, 0.01027799292674065, 0.007189393649509318, 0.013433515991306889, 0.01142960471942008, 0.00994549838529785, 0.009613688014477179, 0.005252887053231212, 0.012794885472922108, 0.008536067164412312, 0.024985046258046525]
Mean mse_distorted_median: 0.010284974974851776
Median: mse_distorted_median: 0.009493406684235038
mse_out_median: [0.007423524029237411, 0.005276092374158265, 0.00814869249651177, 0.005813858502758336, 0.006938149466735076, 0.007462848114123031, 0.0066971447823937665, 0.014000126137330138, 0.01055439487476976, 0.011537015740622238, 0.008579370664593071, 0.006673103454327845, 0.011287044898946642, 0.00967310249870046, 0.008574239247920109, 0.008383461421362795, 0.004844218330412552, 0.011417439551018515, 0.00730335349087189, 0.02376474032227808]
Mean mse_out_median: 0.009217596019953585
Median: mse_out_median: 0.008266076958937283
ssim_distorted_mean: [0.9493725368106825, 0.9593096000250938, 0.9482960163077553, 0.9638875175890614, 0.950711460443706, 0.946744804766545, 0.9571198486930975, 0.920354661463034, 0.9330399132325339, 0.9370686983458075, 0.9387883451867781, 0.9562878475780064, 0.9255283679814851, 0.9334274729747247, 0.9434632230596931, 0.942161430365987, 0.965704488853996, 0.9341988056446201, 0.9519390995182422, 0.8974628342121771]
Mean ssim_distorted_mean: 0.9427433486526512
Median: ssim_distorted_mean: 0.945104013913119
ssim_out_mean: [0.9546078705687342, 0.9643045029706615, 0.952435646851387, 0.9646607866322697, 0.9542960301127068, 0.9543987902869108, 0.9573666135031722, 0.9263680154933621, 0.9388423088898723, 0.9374435704439261, 0.9475239327754104, 0.9585412756265439, 0.9331609592854416, 0.9401938725549916, 0.9494648973216586, 0.9477994555619261, 0.9660768976753663, 0.941483027392149, 0.9572025980907527, 0.8998705108690884]
Mean ssim_out_mean: 0.9473020781453168
Median: ssim_out_mean: 0.9509502720865228
ssim_distorted_median: [0.9487885675953204, 0.9590377833969265, 0.9481296534902213, 0.9638273685309671, 0.9501767370503047, 0.9465802262947701, 0.9571270922087138, 0.9200719887053221, 0.9318705011336621, 0.9370041673852249, 0.9384797591087847, 0.9559945924372723, 0.9264447806326132, 0.9331203051018261, 0.9436118590702429, 0.9416351736739532, 0.9654160438853986, 0.9337402299203125, 0.9514117926624186, 0.8972770667731811]
Mean ssim_distorted_median: 0.942487284452872
Median: ssim_distorted_median: 0.9450960426825066
ssim_out_median: [0.9540481243278184, 0.964102598250289, 0.9523210139663757, 0.9645985487878241, 0.9538420540227742, 0.9542199399135259, 0.957409160407766, 0.9261158575139573, 0.9375849400027946, 0.9374796511721675, 0.9472456251074967, 0.9582793790090144, 0.934111647051595, 0.9399604517520782, 0.94970203875572, 0.9472520870877578, 0.9657751239665787, 0.9408418932818264, 0.956720302578156, 0.8997358273805958]
Mean ssim_out_median: 0.9470673132168057
Median: ssim_out_median: 0.9510115263610479
Mean compute time per sample in seconds: 5.7264203610627545e-06
