

METRICS REPORT

correlation_distorted_mean: [0.7023524385944472, 0.7836245153787449, 0.7007340354527165, 0.7834202021809155, 0.7759158820502609, 0.7269448821943962, 0.7811251538942781, 0.5897248807708175, 0.68125740085063, 0.6689307760231191, 0.7181060814711023, 0.7512179450497032, 0.6690223208115571, 0.7168556865312545, 0.7154412995982404, 0.7047331702487368, 0.8497742923760737, 0.704168166254306, 0.7714473724415136, 0.44351733299886154]
Mean correlation_distorted_mean: 0.7119156917585838
Median: correlation_distorted_mean: 0.7161484930647475
correlation_out_mean: [0.7567299974612345, 0.8222398108192721, 0.7330455291424695, 0.7861822126307819, 0.8026516686828266, 0.7775483425994628, 0.8065349569711644, 0.6535589090171455, 0.716353847267811, 0.6925741733237079, 0.7805141545008206, 0.8008733694241896, 0.7036693180596025, 0.75375682298749, 0.7623170120124761, 0.7575423303101985, 0.8352666728629209, 0.7619897040050642, 0.7929285577953633, 0.47398979736515945]
Mean correlation_out_mean: 0.7485133593619582
Median: correlation_out_mean: 0.7621533580087702
correlation_distorted_median: [0.8490289609920938, 0.9226013823350806, 0.87075991356596, 0.939357206108824, 0.9241384483277149, 0.8945180245955779, 0.931977931789991, 0.68625156296119, 0.8392742382255332, 0.8267348376806241, 0.8962212656152235, 0.9031103122427355, 0.8270498229752653, 0.8615693814415537, 0.8664069639099405, 0.8505808464041262, 0.9766903191286411, 0.8463863234699569, 0.8971405653694459, 0.3956638089179244]
Mean correlation_distorted_median: 0.8502731058028701
Median: correlation_distorted_median: 0.8685834387379503
correlation_out_median: [0.875227977392583, 0.9181994450944538, 0.8705067929881662, 0.9125623047739106, 0.9158533003297286, 0.8927369500527712, 0.9245527678374452, 0.7723317971676632, 0.8669254344817359, 0.829327438700563, 0.9091953011148399, 0.9157890727501466, 0.8349221840940518, 0.8699794269652728, 0.900378027361889, 0.8794484316792761, 0.9492563511693406, 0.8729239669282475, 0.8750420512074419, 0.4714910970374936]
Mean correlation_out_median: 0.862832505956351
Median: correlation_out_median: 0.8773382045359295
mse_distorted_mean: [0.008322501432215967, 0.006163976477325906, 0.009280486309906534, 0.005870048074029273, 0.007784039575919788, 0.009257463368018713, 0.007039780782490521, 0.014457429050445374, 0.012182989737332006, 0.011207727187923766, 0.010271445758368062, 0.00709506782993076, 0.01342442786432336, 0.011271622766803779, 0.009732801366280753, 0.009584217713529365, 0.005220295132485279, 0.012741623040043552, 0.008401895364801196, 0.024567816925652214]
Mean mse_distorted_mean: 0.010193882787891307
Median: mse_distorted_mean: 0.00943235201171795
mse_out_mean: [0.007367167027977216, 0.005165477481299883, 0.008209871171346278, 0.006414497622195321, 0.00701422516315764, 0.007640507955332335, 0.006558001023502091, 0.014625108166908691, 0.010693342456188476, 0.011322848754888641, 0.008363803844770472, 0.006410951309477667, 0.01189087087287118, 0.009937616147250649, 0.008303276117263678, 0.008108928711021809, 0.005539763553226025, 0.010950619388308065, 0.007460106808231613, 0.023247308641612147]
Mean mse_out_mean: 0.009261214610841494
Median: mse_out_mean: 0.008159399941184043
mse_distorted_median: [0.008341300740417392, 0.006251192378388208, 0.009309606807060817, 0.005925613320159233, 0.007823217744171853, 0.009373125353992897, 0.007065263764518381, 0.01448638639373173, 0.012357641347559884, 0.011307572011670996, 0.01027799292674065, 0.007189393649509318, 0.013433515991306889, 0.01142960471942008, 0.00994549838529785, 0.009613688014477179, 0.005252887053231212, 0.012794885472922108, 0.008536067164412312, 0.024985046258046525]
Mean mse_distorted_median: 0.010284974974851776
Median: mse_distorted_median: 0.009493406684235038
mse_out_median: [0.007375069957644196, 0.005245294642033022, 0.00823968181556099, 0.00646820790621405, 0.007033388551687209, 0.007730242289356319, 0.00658007298739847, 0.014646685313972497, 0.010801239167039888, 0.011408404166309095, 0.008370775964674934, 0.006468720940233666, 0.011899221189576866, 0.010048488005267428, 0.008450574516000014, 0.008122660160062078, 0.005570696487051438, 0.010994524855001573, 0.007589072063411449, 0.02356374757155495]
Mean mse_out_median: 0.009330338427502506
Median: mse_out_median: 0.008181170987811535
ssim_distorted_mean: [0.9493725368106825, 0.9593096000250938, 0.9482960163077553, 0.9638875175890614, 0.950711460443706, 0.946744804766545, 0.9571198486930975, 0.920354661463034, 0.9330399132325339, 0.9370686983463996, 0.9387883451867781, 0.9562878475780064, 0.9255283679814851, 0.9334274729747247, 0.9434632230596931, 0.942161430365987, 0.965704488853996, 0.9341988056446201, 0.9519390995182422, 0.8974628342121771]
Mean ssim_distorted_mean: 0.9427433486526808
Median: ssim_distorted_mean: 0.945104013913119
ssim_out_mean: [0.9542205607196316, 0.9643603711436607, 0.9519466969012785, 0.9627615109659868, 0.9538204660001469, 0.9531312175432126, 0.9570780453154746, 0.9266919165575248, 0.9378101712779782, 0.9385759239774348, 0.9486465894300513, 0.9599894575272581, 0.9298915481236036, 0.9384121117726938, 0.949245742135856, 0.9489796610884123, 0.961000441146099, 0.9425239743090289, 0.9544565498011299, 0.9014947695722477]
Mean ssim_out_mean: 0.9467518862654355
Median: ssim_out_mean: 0.9505962195185673
ssim_distorted_median: [0.9487885675953204, 0.9590377833969265, 0.9481296534902213, 0.9638273685309671, 0.9501767370503047, 0.9465802262947701, 0.9571270922087138, 0.9200719887053221, 0.9318705011336621, 0.9370041673852249, 0.9384797591087847, 0.9559945924372723, 0.9264447806326132, 0.9331203051018261, 0.9436118590702429, 0.9416351736739532, 0.9654160438853986, 0.9337402299203125, 0.9514117926624186, 0.8972770667731811]
Mean ssim_distorted_median: 0.942487284452872
Median: ssim_distorted_median: 0.9450960426825066
ssim_out_median: [0.9536638782454818, 0.9641042860769224, 0.9518398889244422, 0.9626969134388252, 0.9533059579034985, 0.9529378824652045, 0.9571116910061633, 0.9264201183017019, 0.9365358017507803, 0.93859913575857, 0.9484438582074054, 0.9596955758760206, 0.930869829692618, 0.9381642872332814, 0.9494709261624672, 0.9484467835414333, 0.9606663396133085, 0.9418683009022749, 0.9539149870619629, 0.9013699506560712]
Mean ssim_out_median: 0.9465063196409218
Median: ssim_out_median: 0.9506554075434547
Mean compute time per sample in seconds: 4.0307252303413725e-06
