

METRICS REPORT

correlation_distorted_mean: [0.7023524385944472, 0.7836245153787449, 0.7007340354527165, 0.7834202021809155, 0.7759158820502609, 0.7269448821943962, 0.7811251538942781, 0.5897248807708175, 0.68125740085063, 0.6689307760231191, 0.7181060814711023, 0.7512179450497032, 0.6690223208115571, 0.7168556865312545, 0.7154412995982404, 0.7047331702487368, 0.8497742923760737, 0.704168166254306, 0.7714473724415136, 0.44351733299886154]
Mean correlation_distorted_mean: 0.7119156917585838
Median: correlation_distorted_mean: 0.7161484930647475
correlation_out_mean: [0.7500920032153464, 0.8283278452315151, 0.7302845410051564, 0.7969094822893827, 0.8146289910694801, 0.7973161465997964, 0.8079918435260505, 0.6495418967535336, 0.7209892447615394, 0.6804190392256828, 0.7667443741461416, 0.7890111987948315, 0.7230803070274912, 0.7555592789012725, 0.7694172658974786, 0.7707264200111985, 0.8624920284827617, 0.7670999111724658, 0.8213947161097972, 0.46590070684315565]
Mean correlation_out_mean: 0.7533963620532039
Median: correlation_out_mean: 0.7682585885349722
correlation_distorted_median: [0.8490289609920938, 0.9226013823350806, 0.87075991356596, 0.939357206108824, 0.9241384483277149, 0.8945180245955779, 0.931977931789991, 0.68625156296119, 0.8392742382255332, 0.8267348376806241, 0.8962212656152235, 0.9031103122427355, 0.8270498229752653, 0.8615693814415537, 0.8664069639099405, 0.8505808464041262, 0.9766903191286411, 0.8463863234699569, 0.8971405653694459, 0.3956638089179244]
Mean correlation_distorted_median: 0.8502731058028701
Median: correlation_distorted_median: 0.8685834387379503
correlation_out_median: [0.8757207840646783, 0.9254765456098583, 0.8697694274043553, 0.9256692286711601, 0.9235063535812329, 0.9118282635135337, 0.9282833078067623, 0.7818584162904861, 0.8671060701394231, 0.8235145242938768, 0.8975979793717956, 0.9059218892703731, 0.8640413146822677, 0.8733429848336564, 0.9043714006618095, 0.8970905102307605, 0.9548229063119951, 0.882280008638353, 0.9206810343768844, 0.4549814936672313]
Mean correlation_out_median: 0.8693932221710245
Median: correlation_out_median: 0.8973442448012781
mse_distorted_mean: [0.008322501432215967, 0.006163976477325906, 0.009280486309906534, 0.005870048074029273, 0.007784039575919788, 0.009257463368018713, 0.007039780782490521, 0.014457429050445374, 0.012182989737332006, 0.011207727187923766, 0.010271445758368062, 0.00709506782993076, 0.01342442786432336, 0.011271622766803779, 0.009732801366280753, 0.009584217713529365, 0.005220295132485279, 0.012741623040043552, 0.008401895364801196, 0.024567816925652214]
Mean mse_distorted_mean: 0.010193882787891307
Median: mse_distorted_mean: 0.00943235201171795
mse_out_mean: [0.0077225875961453765, 0.00495941712994478, 0.007832698602373593, 0.006015290204513847, 0.006522444190040774, 0.006734028631986961, 0.006484677547507553, 0.014560232286104159, 0.010163498301391986, 0.0116727342148019, 0.0087220078298719, 0.0063731198411875, 0.01092704980115306, 0.00953378015945917, 0.008114762601518338, 0.007284739974049605, 0.004756587223864549, 0.010577574133097366, 0.006787263648268134, 0.0235339574371508]
Mean mse_out_mean: 0.008963922567721567
Median: mse_out_mean: 0.007777643099259485
mse_distorted_median: [0.008341300740417392, 0.006251192378388208, 0.009309606807060817, 0.005925613320159233, 0.007823217744171853, 0.009373125353992897, 0.007065263764518381, 0.01448638639373173, 0.012357641347559884, 0.011307572011670996, 0.01027799292674065, 0.007189393649509318, 0.013433515991306889, 0.01142960471942008, 0.00994549838529785, 0.009613688014477179, 0.005252887053231212, 0.012794885472922108, 0.008536067164412312, 0.024985046258046525]
Mean mse_distorted_median: 0.010284974974851776
Median: mse_distorted_median: 0.009493406684235038
mse_out_median: [0.007732773045436935, 0.005036738541813379, 0.007859799470134007, 0.006070182598889094, 0.006538658746680796, 0.00681132736316233, 0.006507648895176755, 0.014579614141963172, 0.010267365297510354, 0.011758173284128062, 0.008725517411008297, 0.006431369114446928, 0.010932666950465778, 0.009644529585689947, 0.008256659949156073, 0.007298951271963336, 0.0047828998811540865, 0.010627542268964165, 0.0068896823836670255, 0.02387827361056539]
Mean mse_out_median: 0.009031518690598794
Median: mse_out_median: 0.007796286257785471
ssim_distorted_mean: [0.9493725368106825, 0.9593096000250938, 0.9482960163077553, 0.9638875175890614, 0.950711460443706, 0.946744804766545, 0.9571198486930975, 0.920354661463034, 0.9330399132325339, 0.9370686983458075, 0.9387883451867781, 0.9562878475780064, 0.9255283679814851, 0.9334274729747247, 0.9434632230596931, 0.942161430365987, 0.965704488853996, 0.9341988056446201, 0.9519390995182422, 0.8974628342121771]
Mean ssim_distorted_mean: 0.9427433486526512
Median: ssim_distorted_mean: 0.945104013913119
ssim_out_mean: [0.9525331080695532, 0.9654685551386925, 0.9525973377128358, 0.9640470751807213, 0.9554923679564395, 0.9570883462726415, 0.9568118019273674, 0.9254166151433428, 0.939347241288877, 0.9373814969663075, 0.9459456562966349, 0.9596115436570335, 0.9344136122236416, 0.9393779229339555, 0.9502831792794132, 0.9527212214036905, 0.966226253819622, 0.9432157642247357, 0.958765444255137, 0.8999066203877306]
Mean ssim_out_mean: 0.9478325582069187
Median: ssim_out_mean: 0.9525652228911945
ssim_distorted_median: [0.9487885675953204, 0.9590377833969265, 0.9481296534902213, 0.9638273685309671, 0.9501767370503047, 0.9465802262947701, 0.9571270922087138, 0.9200719887053221, 0.9318705011336621, 0.9370041673852249, 0.9384797591087847, 0.9559945924372723, 0.9264447806326132, 0.9331203051018261, 0.9436118590702429, 0.9416351736739532, 0.9654160438853986, 0.9337402299203125, 0.9514117926624186, 0.8972770667731811]
Mean ssim_distorted_median: 0.942487284452872
Median: ssim_distorted_median: 0.9450960426825066
ssim_out_median: [0.9519266314960203, 0.9652274450793793, 0.9524730333977076, 0.9640235676165366, 0.9550003504707296, 0.9569509959554894, 0.9568228012785851, 0.9251692662305654, 0.9380628223828421, 0.9373954646735433, 0.9457000976088116, 0.9593280962528284, 0.9353462974212629, 0.939124939374135, 0.9505027242092866, 0.9522156741478605, 0.9659221906894304, 0.9425361038952548, 0.9582812383511898, 0.8997638302197674]
Mean ssim_out_median: 0.9475886785375612
Median: ssim_out_median: 0.9520711528219403
Mean compute time per sample in seconds: 6.111974301545516e-06
