

METRICS REPORT

correlation_distorted_mean: [0.7023524385944472, 0.7836245153787449, 0.7007340354527165, 0.7834202021809155, 0.7759158820502609, 0.7269448821943962, 0.7811251538942781, 0.5897248807708175, 0.68125740085063, 0.6689307760231191, 0.7181060814711023, 0.7512179450497032, 0.6690223208115571, 0.7168556865312545, 0.7154412995982404, 0.7047331702487368, 0.8497742923760737, 0.704168166254306, 0.7714473724415136, 0.44351733299886154]
Mean correlation_distorted_mean: 0.7119156917585838
Median: correlation_distorted_mean: 0.7161484930647475
correlation_out_mean: [0.7594662500927387, 0.8215709243366401, 0.7376779350397576, 0.8001222782278394, 0.8065698288140178, 0.7848102071993691, 0.808502325880831, 0.640368201127076, 0.7107909139196222, 0.7024418173773449, 0.7633935343100586, 0.8065808177393242, 0.7080454931238402, 0.7535683101817416, 0.7494970366816325, 0.7570309590011212, 0.8636723185823666, 0.7607568041218782, 0.8113699161004568, 0.46307041453201425]
Mean correlation_out_mean: 0.7504653143194836
Median: correlation_out_mean: 0.7601115271073084
correlation_distorted_median: [0.8490289609920938, 0.9226013823350806, 0.87075991356596, 0.939357206108824, 0.9241384483277149, 0.8945180245955779, 0.931977931789991, 0.68625156296119, 0.8392742382255332, 0.8267348376806241, 0.8962212656152235, 0.9031103122427355, 0.8270498229752653, 0.8615693814415537, 0.8664069639099405, 0.8505808464041262, 0.9766903191286411, 0.8463863234699569, 0.8971405653694459, 0.3956638089179244]
Mean correlation_distorted_median: 0.8502731058028701
Median: correlation_distorted_median: 0.8685834387379503
correlation_out_median: [0.8855157574133835, 0.9281521962171704, 0.8736397780935122, 0.9185464811214208, 0.9231621441423089, 0.895394483511902, 0.9299126303749098, 0.7615967278111712, 0.8599716552619607, 0.8474259293988737, 0.8951689300576011, 0.9191278095787766, 0.8407843686586559, 0.8684181906307795, 0.8819351630308975, 0.8871257849204464, 0.9616032986873824, 0.8767814118142245, 0.9119585137503731, 0.45206028990575564]
Mean correlation_out_median: 0.8659140772190753
Median: correlation_out_median: 0.886320771166915
mse_distorted_mean: [0.008322501432215967, 0.006163976477325906, 0.009280486309906534, 0.005870048074029273, 0.007784039575919788, 0.009257463368018713, 0.007039780782490521, 0.014457429050445374, 0.012182989737332006, 0.011207727187923766, 0.010271445758368062, 0.00709506782993076, 0.01342442786432336, 0.011271622766803779, 0.009732801366280753, 0.009584217713529365, 0.005220295132485279, 0.012741623040043552, 0.008401895364801196, 0.024567816925652214]
Mean mse_distorted_mean: 0.010193882787891307
Median: mse_distorted_mean: 0.00943235201171795
mse_out_mean: [0.007196599388318123, 0.00523371427540848, 0.008025235649461705, 0.005540882660130124, 0.007292568270174654, 0.0070481940470753, 0.006454486730742934, 0.013753691894984746, 0.01086415048184581, 0.010938663368216025, 0.008712563078838512, 0.005814822159185798, 0.011631847213533641, 0.009812498307000945, 0.008830654790009173, 0.008262106860556312, 0.005005256925250563, 0.010961231574458143, 0.0071497566742712805, 0.023073859765709193]
Mean mse_out_mean: 0.009080139205758573
Median: mse_out_mean: 0.008143671255009009
mse_distorted_median: [0.008341300740417392, 0.006251192378388208, 0.009309606807060817, 0.005925613320159233, 0.007823217744171853, 0.009373125353992897, 0.007065263764518381, 0.01448638639373173, 0.012357641347559884, 0.011307572011670996, 0.01027799292674065, 0.007189393649509318, 0.013433515991306889, 0.01142960471942008, 0.00994549838529785, 0.009613688014477179, 0.005252887053231212, 0.012794885472922108, 0.008536067164412312, 0.024985046258046525]
Mean mse_distorted_median: 0.010284974974851776
Median: mse_distorted_median: 0.009493406684235038
mse_out_median: [0.007205321627506501, 0.0053109255969164635, 0.00805498757931443, 0.0055914287440014575, 0.007313650460988213, 0.0071340999035833805, 0.006480020685628515, 0.013771080815404776, 0.010976850105999046, 0.011011668699081571, 0.008714214756992023, 0.005868440324380762, 0.011640304366411629, 0.009918726231875431, 0.008989259975038376, 0.008278230499148753, 0.005032963200817541, 0.011006754344301005, 0.007259633481619227, 0.023403514471805536]
Mean mse_out_median: 0.009148103793540733
Median: mse_out_median: 0.008166609039231592
ssim_distorted_mean: [0.9493725368106825, 0.9593096000250938, 0.9482960163077553, 0.9638875175890614, 0.950711460443706, 0.946744804766545, 0.9571198486930975, 0.920354661463034, 0.9330399132325339, 0.9370686983458075, 0.9387883451867781, 0.9562878475780064, 0.9255283679814851, 0.9334274729747247, 0.9434632230596931, 0.942161430365987, 0.965704488853996, 0.9341988056446201, 0.9519390995182422, 0.8974628342121771]
Mean ssim_distorted_mean: 0.9427433486526512
Median: ssim_distorted_mean: 0.945104013913119
ssim_out_mean: [0.9547792943910858, 0.9640861415185906, 0.9528195122453559, 0.965808243901974, 0.9522052660694375, 0.9555190852925978, 0.9573653318983819, 0.9260833243110819, 0.9374476646616174, 0.9400938488026247, 0.946770700829142, 0.9619695008876543, 0.9311936692962579, 0.938778026482318, 0.9470513809958344, 0.9484690394729514, 0.964762854647766, 0.9422060892896734, 0.9580699449918678, 0.9003695198208465]
Mean ssim_out_mean: 0.9472924219903527
Median: ssim_out_mean: 0.9503371527711943
ssim_distorted_median: [0.9487885675953204, 0.9590377833969265, 0.9481296534902213, 0.9638273685309671, 0.9501767370503047, 0.9465802262947701, 0.9571270922087138, 0.9200719887053221, 0.9318705011336621, 0.9370041673852249, 0.9384797591087847, 0.9559945924372723, 0.9264447806326132, 0.9331203051018261, 0.9436118590702429, 0.9416351736739532, 0.9654160438853986, 0.9337402299203125, 0.9514117926624186, 0.8972770667731811]
Mean ssim_distorted_median: 0.942487284452872
Median: ssim_distorted_median: 0.9450960426825066
ssim_out_median: [0.9542214783983803, 0.9638614476997287, 0.9526996007472369, 0.9657695930785031, 0.9517392385934245, 0.9553662633785669, 0.9573898439913334, 0.9258250756061819, 0.9361505407479715, 0.9401313240612356, 0.9464918364948312, 0.9617015971142551, 0.9321645973411834, 0.9385693100776988, 0.9472799825406192, 0.9479440148155516, 0.9644289411133179, 0.9415710812789856, 0.9575897594103093, 0.9002449633786511]
Mean ssim_out_median: 0.9470570244933982
Median: ssim_out_median: 0.949841626704488
Mean compute time per sample in seconds: 4.08191266267196e-06
