

METRICS REPORT

correlation_distorted_mean: [0.7023524385944472, 0.7836245153787449, 0.7007340354527165, 0.7834202021809155, 0.7759158820502609, 0.7269448821943962, 0.7811251538942781, 0.5897248807708175, 0.68125740085063, 0.6689307760231191, 0.7181060814711023, 0.7512179450497032, 0.6690223208115571, 0.7168556865312545, 0.7154412995982404, 0.7047331702487368, 0.8497742923760737, 0.704168166254306, 0.7714473724415136, 0.44351733299886154]
Mean correlation_distorted_mean: 0.7119156917585838
Median: correlation_distorted_mean: 0.7161484930647475
correlation_out_mean: [0.7447757570482624, 0.8267261029316124, 0.728711698264467, 0.7788690547876413, 0.8032525460939561, 0.7847826203245812, 0.8063968912891712, 0.6383872028389137, 0.7287529714818678, 0.6827977510974188, 0.7748896416895348, 0.789673301910094, 0.7138636427613243, 0.7529170755228562, 0.7612175381952798, 0.7518053237690792, 0.8562416413151233, 0.7429794602273918, 0.8068048805350867, 0.4708173275594933]
Mean correlation_out_mean: 0.7472331214821577
Median: correlation_out_mean: 0.7570673068590681
correlation_distorted_median: [0.8490289609920938, 0.9226013823350806, 0.87075991356596, 0.939357206108824, 0.9241384483277149, 0.8945180245955779, 0.931977931789991, 0.68625156296119, 0.8392742382255332, 0.8267348376806241, 0.8962212656152235, 0.9031103122427355, 0.8270498229752653, 0.8615693814415537, 0.8664069639099405, 0.8505808464041262, 0.9766903191286411, 0.8463863234699569, 0.8971405653694459, 0.3956638089179244]
Mean correlation_distorted_median: 0.8502731058028701
Median: correlation_distorted_median: 0.8685834387379503
correlation_out_median: [0.8714029167170841, 0.9231957689089136, 0.8760835568358748, 0.9205339741956093, 0.9226831125119379, 0.9026821655509305, 0.9226906215787705, 0.7477794143728391, 0.8766467085781866, 0.824209455955417, 0.9107893739226276, 0.9133992655379025, 0.8541280280319559, 0.8767369785354563, 0.8943878508932376, 0.8803658494081231, 0.965940111780565, 0.8609138131320377, 0.9117987293107067, 0.4633392632083426]
Mean correlation_out_median: 0.865985347948326
Median: correlation_out_median: 0.8873768501506804
mse_distorted_mean: [0.008322501432215967, 0.006163976477325906, 0.009280486309906534, 0.005870048074029273, 0.007784039575919788, 0.009257463368018713, 0.007039780782490521, 0.014457429050445374, 0.012182989737332006, 0.011207727187923766, 0.010271445758368062, 0.00709506782993076, 0.01342442786432336, 0.011271622766803779, 0.009732801366280753, 0.009584217713529365, 0.005220295132485279, 0.012741623040043552, 0.008401895364801196, 0.024567816925652214]
Mean mse_distorted_mean: 0.010193882787891307
Median: mse_distorted_mean: 0.00943235201171795
mse_out_mean: [0.007791530803608456, 0.005094723386552851, 0.008444749260406106, 0.006713097920448893, 0.007157791088662205, 0.0071078425678581985, 0.006506211517765604, 0.015258273137674711, 0.010085203508590329, 0.011297621968874141, 0.008505388466065541, 0.006394806074608708, 0.011317891412086997, 0.009792899023475889, 0.007990482408018062, 0.008056156677798616, 0.005402053954932094, 0.011887520848523184, 0.007305339676016414, 0.02300093542661328]
Mean mse_out_mean: 0.009255525956429013
Median: mse_out_mean: 0.008023319542908339
mse_distorted_median: [0.008341300740417392, 0.006251192378388208, 0.009309606807060817, 0.005925613320159233, 0.007823217744171853, 0.009373125353992897, 0.007065263764518381, 0.01448638639373173, 0.012357641347559884, 0.011307572011670996, 0.01027799292674065, 0.007189393649509318, 0.013433515991306889, 0.01142960471942008, 0.00994549838529785, 0.009613688014477179, 0.005252887053231212, 0.012794885472922108, 0.008536067164412312, 0.024985046258046525]
Mean mse_distorted_median: 0.010284974974851776
Median: mse_distorted_median: 0.009493406684235038
mse_out_median: [0.007800361055015747, 0.005175693143013256, 0.008475170104882496, 0.00677164242417214, 0.007179257833991184, 0.007195357529994768, 0.0065290872012190035, 0.015278769959114815, 0.01018972962156044, 0.01137589961591086, 0.008510654421202147, 0.0064537350583868105, 0.011325624268570174, 0.009905675779363613, 0.008127536424047815, 0.008074236487659744, 0.005431490215496383, 0.011939809025419924, 0.007416417748076306, 0.023321061773552868]
Mean mse_out_median: 0.009323860484532525
Median: mse_out_median: 0.00810088645585378
ssim_distorted_mean: [0.9493725368106825, 0.9593096000250938, 0.9482960163077553, 0.9638875175890614, 0.950711460443706, 0.946744804766545, 0.9571198486930975, 0.920354661463034, 0.9330399132325339, 0.9370686983458075, 0.9387883451867781, 0.9562878475780064, 0.9255283679814851, 0.9334274729747247, 0.9434632230596931, 0.942161430365987, 0.965704488853996, 0.9341988056446201, 0.9519390995182422, 0.8974628342121771]
Mean ssim_distorted_mean: 0.9427433486526512
Median: ssim_distorted_mean: 0.945104013913119
ssim_out_mean: [0.9524076108938762, 0.9653975954795287, 0.9511248421025711, 0.9615165026465239, 0.9528942354979577, 0.954831064501077, 0.9573199367702963, 0.9233587109525805, 0.9405244247629927, 0.9375341336119001, 0.9477945126224716, 0.9599104455307825, 0.9326452117340732, 0.9385235177330777, 0.9500947820831755, 0.948762633261302, 0.9631946516053168, 0.9384214291509326, 0.9564010796666541, 0.9010632194254745]
Mean ssim_out_mean: 0.9466860270016282
Median: ssim_out_mean: 0.9506098120928733
ssim_distorted_median: [0.9487885675953204, 0.9590377833969265, 0.9481296534902213, 0.9638273685309671, 0.9501767370503047, 0.9465802262947701, 0.9571270922087138, 0.9200719887053221, 0.9318705011336621, 0.9370041673852249, 0.9384797591087847, 0.9559945924372723, 0.9264447806326132, 0.9331203051018261, 0.9436118590702429, 0.9416351736739532, 0.9654160438853986, 0.9337402299203125, 0.9514117926624186, 0.8972770667731811]
Mean ssim_distorted_median: 0.942487284452872
Median: ssim_distorted_median: 0.9450960426825066
ssim_out_median: [0.9518542148666904, 0.9651572783809602, 0.9510370013245901, 0.9614743773486909, 0.952385747442941, 0.9546644548734559, 0.9573709373550845, 0.9230774197092141, 0.939286013169392, 0.937536533208674, 0.9475781592724714, 0.9596366024476015, 0.9335953227612956, 0.9382796636951921, 0.9503340301612963, 0.9482374038230108, 0.9628679765689276, 0.9377949858381134, 0.9558944871288247, 0.9009350079733045]
Mean ssim_out_median: 0.9464498808674866
Median: ssim_out_median: 0.9506855157429432
Mean compute time per sample in seconds: 6.555495054825492e-06
